100 0.002039
111 0.001995
122 0.001946
134 0.001996
147 0.001812
162 0.001429
178 0.001150
195 0.000987
215 0.001012
236 0.000826
260 0.000664
286 0.000428
314 0.000354
346 0.000304
380 0.000040
418 0.000040
460 0.000162
506 0.000133
556 0.000229
612 0.000189
673 0.000276
741 0.000215
815 0.000282
896 0.000381
985 0.000410
1084 0.000354
1192 0.000467
1311 0.000421
1443 0.000401
1587 0.000424
1745 0.000464
1920 0.000541
2112 0.000767
2323 0.000735
2555 0.000829
2811 0.000909
3092 0.000895
3401 0.000930
3741 0.000987
4115 0.000916
4526 0.000969
4979 0.001271
5477 0.001308
6025 0.001445
6627 0.001862
7290 0.002426
8018 0.002815
8820 0.003482
9702 0.003982
10672 0.004794
11740 0.005522
12913 0.007441
14205 0.009066
15625 0.013272
17188 0.016809
18906 0.023352
20797 0.038193
22877 0.053693
25164 0.070203
27681 0.100486
30449 0.139959
33493 0.182944
36843 0.225179
40527 0.266671
44580 0.302425
49038 0.333326
53941 0.361996
59335 0.382085
65269 0.387074
71796 0.396634
78975 0.402586
86873 0.408403
95560 0.410552
105116 0.413433
115627 0.422845
127190 0.426087
139909 0.433696
153900 0.433522
169290 0.435276
186219 0.437613
204841 0.439836
225325 0.440822
247857 0.448256
272643 0.450031
299907 0.451811
329897 0.452526
362887 0.449180
399176 0.455016
439093 0.452894
483003 0.454625
531303 0.456139
584433 0.457719
642876 0.452241
707164 0.455861
777880 0.453668
855668 0.453597
941235 0.455721
1035358 0.455396
1138894 0.451126
1252783 0.451881
1378062 0.456317
1515868 0.457690
1667455 0.458272
1834200 0.455726
2017620 0.461608
2219382 0.458473
2441320 0.458636
2685452 0.459633
2953997 0.459062
3249397 0.460402
3574336 0.458521
3931770 0.460947
4324947 0.459716
4757442 0.460499
5233186 0.458167
5756504 0.455392
6332155 0.459959
6965370 0.458038
7661907 0.460544
8428098 0.461326
9270907 0.457620
10197998 0.458212
11217798 0.459901
12339578 0.458817
13573535 0.462489
14930889 0.458825
16423978 0.460086
18066375 0.460356
19873013 0.461129
21860314 0.458963
24046345 0.460163
26450980 0.462440
29096078 0.463857
32005685 0.462527
35206254 0.461724
38726879 0.461968
42599567 0.460685
46859524 0.460817
51545476 0.462226
56700024 0.460192
62370026 0.461512
68607029 0.463728
75467731 0.461545
83014505 0.461718
91315955 0.460806
100447550 0.464682
110492305 0.458897
121541536 0.461400
133695689 0.461354
147065258 0.460212
161771784 0.460828
177948962 0.461914
195743859 0.461579
215318244 0.461899
236850069 0.462937
260535076 0.459667
286588583 0.460340
315247441 0.461809
346772186 0.460104
381449404 0.463266
419594344 0.463374
461553779 0.459581
507709157 0.460623
558480072 0.461777
614328079 0.462661
675760887 0.463481
743336976 0.461423
817670674 0.460392
899437741 0.459092
989381515 0.460716
100 0.460739
111 0.460739
122 0.460739
134 0.460739
147 0.460739
162 0.460739
178 0.460739
195 0.460739
215 0.460798
236 0.460800
260 0.460805
286 0.460805
314 0.460805
346 0.460794
380 0.460794
418 0.460733
460 0.460749
506 0.460888
556 0.461035
612 0.461044
673 0.461137
741 0.461202
815 0.461070
896 0.461072
985 0.460938
1084 0.461297
1192 0.461602
1311 0.461848
1443 0.462214
1587 0.461731
1745 0.461789
1920 0.462248
2112 0.462601
2323 0.463682
2555 0.464717
2811 0.465879
3092 0.466874
3401 0.467843
3741 0.468301
4115 0.468764
4526 0.469988
4979 0.470596
5477 0.472565
6025 0.472572
6627 0.473519
7290 0.474752
8018 0.479562
8820 0.481606
9702 0.486557
10672 0.488649
11740 0.491002
12913 0.499228
14205 0.502989
15625 0.507172
17188 0.518644
18906 0.534737
20797 0.551601
22877 0.573039
25164 0.593818
27681 0.618673
30449 0.644805
33493 0.670537
36843 0.697161
40527 0.731303
44580 0.757959
49038 0.772306
53941 0.795950
59335 0.811209
65269 0.813756
71796 0.819516
78975 0.824035
86873 0.833607
95560 0.842466
105116 0.846153
115627 0.862514
127190 0.858654
139909 0.860758
153900 0.858723
169290 0.860082
186219 0.865033
204841 0.860584
225325 0.857130
247857 0.850502
272643 0.855707
299907 0.859814
329897 0.857263
362887 0.854576
399176 0.857960
439093 0.858305
483003 0.855842
531303 0.861409
584433 0.860003
642876 0.855420
707164 0.867573
777880 0.872369
855668 0.880264
941235 0.871747
1035358 0.883655
1138894 0.876028
1252783 0.869090
1378062 0.883231
1515868 0.882679
1667455 0.876223
1834200 0.875752
2017620 0.870462
2219382 0.880045
2441320 0.876642
2685452 0.874448
2953997 0.879240
3249397 0.871086
3574336 0.872706
3931770 0.874544
4324947 0.876758
4757442 0.868259
5233186 0.879477
5756504 0.877252
6332155 0.877161
6965370 0.881911
7661907 0.880486
8428098 0.878207
9270907 0.881543
10197998 0.877162
11217798 0.877252
12339578 0.875110
13573535 0.871238
14930889 0.876987
16423978 0.878095
18066375 0.876735
19873013 0.880800
21860314 0.875170
24046345 0.874422
26450980 0.879187
29096078 0.877774
32005685 0.879803
35206254 0.871328
38726879 0.880835
42599567 0.878948
46859524 0.880155
51545476 0.883405
56700024 0.882501
62370026 0.881134
68607029 0.876330
75467731 0.877471
83014505 0.878979
91315955 0.878691
100447550 0.878796
110492305 0.879540
121541536 0.877180
133695689 0.882164
147065258 0.878889
161771784 0.882550
177948962 0.878451
195743859 0.881667
215318244 0.880633
236850069 0.886227
260535076 0.882340
286588583 0.882754
315247441 0.882766
346772186 0.876964
381449404 0.881527
419594344 0.879507
461553779 0.879053
507709157 0.881455
558480072 0.882201
614328079 0.883170
675760887 0.875770
743336976 0.873900
817670674 0.876985
899437741 0.875013
989381515 0.880387
