0.000000000000000000e+00 1.017192001174979047e-03
0.000000000000000000e+00 1.076926011469581113e-03
0.000000000000000000e+00 1.008372681446722185e-03
0.000000000000000000e+00 9.875650657177109312e-04
0.000000000000000000e+00 2.300914789492293891e-06
0.000000000000000000e+00 5.724858035198536421e-06
0.000000000000000000e+00 5.145627536493173348e-06
0.000000000000000000e+00 5.891982916546553885e-06
0.000000000000000000e+00 2.781929510315668454e-03
0.000000000000000000e+00 1.215872679077139305e-05
0.000000000000000000e+00 4.713333340021391466e-06
0.000000000000000000e+00 9.610519340112336892e-06
0.000000000000000000e+00 9.009917498408416200e-04
0.000000000000000000e+00 6.390248259411051950e-04
0.000000000000000000e+00 1.744472964162996137e-03
0.000000000000000000e+00 1.033727921108530505e-03
0.000000000000000000e+00 8.111378028361282758e-04
0.000000000000000000e+00 6.620341007064772668e-04
0.000000000000000000e+00 8.146295200426247225e-04
0.000000000000000000e+00 5.937787728367826265e-04
0.000000000000000000e+00 1.235422918517336969e-03
0.000000000000000000e+00 9.104691906090369227e-04
0.000000000000000000e+00 8.845364454677291134e-04
0.000000000000000000e+00 6.958513962309547740e-04
0.000000000000000000e+00 2.721781685120626838e-04
0.000000000000000000e+00 6.605626983298502810e-04
0.000000000000000000e+00 8.642554612245923439e-04
0.000000000000000000e+00 5.633763625182233205e-04
0.000000000000000000e+00 9.124043061342309354e-04
0.000000000000000000e+00 9.770369381848272722e-04
0.000000000000000000e+00 1.045958274063949096e-03
0.000000000000000000e+00 6.939778020096324523e-04
0.000000000000000000e+00 9.709960477305541130e-04
0.000000000000000000e+00 6.376184474040098426e-04
0.000000000000000000e+00 6.993589631672533866e-04
0.000000000000000000e+00 8.612112171182764470e-04
0.000000000000000000e+00 7.293271358339301416e-04
0.000000000000000000e+00 3.068628483578371901e-04
0.000000000000000000e+00 5.537442921173254488e-04
0.000000000000000000e+00 6.004040882654207087e-04
0.000000000000000000e+00 7.509715470070197751e-04
0.000000000000000000e+00 6.901550734458932693e-04
0.000000000000000000e+00 9.227440219894246856e-04
0.000000000000000000e+00 3.946346448062974842e-04
0.000000000000000000e+00 5.525651570874431841e-04
0.000000000000000000e+00 5.879381991742915151e-04
0.000000000000000000e+00 4.494254306571090823e-04
0.000000000000000000e+00 2.928117012314853935e-04
0.000000000000000000e+00 6.179813848341122540e-04
0.000000000000000000e+00 5.963032144577454664e-04
0.000000000000000000e+00 4.539706873042396638e-04
0.000000000000000000e+00 7.122709719718790496e-04
0.000000000000000000e+00 9.997955923698347621e-04
0.000000000000000000e+00 9.563390726018654439e-04
0.000000000000000000e+00 9.362743367829915375e-04
0.000000000000000000e+00 7.329980021717036852e-04
0.000000000000000000e+00 1.019220623521918494e-03
0.000000000000000000e+00 1.091966165501546049e-03
0.000000000000000000e+00 1.218544512727743083e-03
0.000000000000000000e+00 1.221899210559968365e-03
0.000000000000000000e+00 8.364905811648679209e-04
0.000000000000000000e+00 8.627387275493871022e-04
0.000000000000000000e+00 9.184304296999269267e-04
0.000000000000000000e+00 9.398385315809812965e-04
0.000000000000000000e+00 9.252358281152208742e-04
0.000000000000000000e+00 5.103136653053044237e-04
0.000000000000000000e+00 7.224992621200574663e-04
0.000000000000000000e+00 8.897273818753031766e-04
0.000000000000000000e+00 9.567923009132146307e-04
0.000000000000000000e+00 7.701731384654143461e-04
0.000000000000000000e+00 9.052881430430390801e-04
0.000000000000000000e+00 3.245235690074572098e-04
0.000000000000000000e+00 3.265435539306684723e-04
0.000000000000000000e+00 6.189594769283974715e-04
0.000000000000000000e+00 7.390903671188866954e-04
0.000000000000000000e+00 4.344726323315773820e-04
0.000000000000000000e+00 4.176535614939893594e-04
0.000000000000000000e+00 7.212720918194484359e-04
0.000000000000000000e+00 8.805918309004888336e-04
0.000000000000000000e+00 1.224765396012154114e-03
0.000000000000000000e+00 1.213103020952802308e-03
0.000000000000000000e+00 1.968684751534328318e-03
0.000000000000000000e+00 1.894132997861009728e-03
0.000000000000000000e+00 1.830191331035903876e-03
0.000000000000000000e+00 1.926724351778696335e-03
0.000000000000000000e+00 2.262402878585294957e-03
0.000000000000000000e+00 1.713299216019383096e-03
0.000000000000000000e+00 1.575889432257999816e-03
0.000000000000000000e+00 1.997038792413378429e-03
0.000000000000000000e+00 1.436233188141136001e-03
0.000000000000000000e+00 9.857952087928190023e-04
0.000000000000000000e+00 6.869448616114202195e-04
0.000000000000000000e+00 1.011700701395329980e-03
0.000000000000000000e+00 1.195078920128682907e-03
0.000000000000000000e+00 1.932884646449369677e-03
0.000000000000000000e+00 1.890769101681857205e-03
0.000000000000000000e+00 1.861560802368952263e-03
0.000000000000000000e+00 1.861253417820839338e-03
0.000000000000000000e+00 2.369778278953249724e-03
0.000000000000000000e+00 1.704022367646416914e-03
0.000000000000000000e+00 2.902068210398601154e-03
0.000000000000000000e+00 2.807898214475994334e-03
0.000000000000000000e+00 3.143780811527243941e-03
0.000000000000000000e+00 3.573514697157563307e-03
0.000000000000000000e+00 4.188627981089812144e-03
0.000000000000000000e+00 4.584068682716331555e-03
0.000000000000000000e+00 4.389306822580307625e-03
0.000000000000000000e+00 4.687816802226787635e-03
0.000000000000000000e+00 4.451746047057092079e-03
0.000000000000000000e+00 4.778637110042270077e-03
0.000000000000000000e+00 4.443192272960944968e-03
0.000000000000000000e+00 4.745912093846767731e-03
0.000000000000000000e+00 4.880794388730474824e-03
0.000000000000000000e+00 4.629194257148548652e-03
0.000000000000000000e+00 5.136672090156012976e-03
0.000000000000000000e+00 6.547057411763139434e-03
0.000000000000000000e+00 6.011352825466286659e-03
0.000000000000000000e+00 5.797287005282173930e-03
0.000000000000000000e+00 6.856654629771708961e-03
0.000000000000000000e+00 7.624569974520298103e-03
0.000000000000000000e+00 7.992628107906029483e-03
0.000000000000000000e+00 7.533452496604966728e-03
0.000000000000000000e+00 9.744256852605581373e-03
0.000000000000000000e+00 1.124149313040656399e-02
0.000000000000000000e+00 1.039897148740642242e-02
0.000000000000000000e+00 9.669029617113189534e-03
0.000000000000000000e+00 1.118562112362216955e-02
0.000000000000000000e+00 1.049295684319116566e-02
0.000000000000000000e+00 9.727649654092441339e-03
0.000000000000000000e+00 8.774474475768751641e-03
0.000000000000000000e+00 6.667718633864265325e-03
0.000000000000000000e+00 7.651187432053783641e-03
0.000000000000000000e+00 7.873349634229798860e-03
0.000000000000000000e+00 1.174632856219376582e-02
0.000000000000000000e+00 1.243912427243387513e-02
0.000000000000000000e+00 1.629495463870583860e-02
0.000000000000000000e+00 1.464545388647890689e-02
0.000000000000000000e+00 1.219735049250199148e-02
0.000000000000000000e+00 1.458301018311894404e-02
0.000000000000000000e+00 1.667277248283877827e-02
0.000000000000000000e+00 2.104237694604620817e-02
0.000000000000000000e+00 1.464132670618042628e-02
0.000000000000000000e+00 1.934481674660158690e-02
0.000000000000000000e+00 2.291808616822201689e-02
0.000000000000000000e+00 2.967181557264824895e-02
0.000000000000000000e+00 2.548597872553660937e-02
0.000000000000000000e+00 3.179354691841537739e-02
0.000000000000000000e+00 3.095052831986456685e-02
0.000000000000000000e+00 3.553042621680348179e-02
0.000000000000000000e+00 2.725759013788524657e-02
0.000000000000000000e+00 1.703957293717101723e-02
0.000000000000000000e+00 1.773867850330641122e-02
0.000000000000000000e+00 2.196837777984640694e-02
0.000000000000000000e+00 2.196195143414628181e-02
0.000000000000000000e+00 1.865822002971645119e-02
0.000000000000000000e+00 3.357479691195067173e-02
0.000000000000000000e+00 3.995991710740237624e-02
0.000000000000000000e+00 1.944338135385107955e-02
0.000000000000000000e+00 3.401074824122952978e-02
0.000000000000000000e+00 4.030906895941912399e-02
0.000000000000000000e+00 4.630104407696546825e-02
0.000000000000000000e+00 2.356309159211671805e-02
0.000000000000000000e+00 2.389787517977465595e-02
0.000000000000000000e+00 3.682275556412628603e-02
0.000000000000000000e+00 2.249410589668025123e-02
0.000000000000000000e+00 3.255035836820566880e-02
0.000000000000000000e+00 4.496151794261913498e-02
0.000000000000000000e+00 4.501286931461774554e-02
0.000000000000000000e+00 4.475320734981265425e-02
0.000000000000000000e+00 4.025079009623281495e-02
