0.000000000000000000e+00 2.481934729198165962e-02
0.000000000000000000e+00 2.154065922853803591e-02
0.000000000000000000e+00 1.720465053408527095e-02
0.000000000000000000e+00 2.059126028197400329e-02
0.000000000000000000e+00 2.683281572999749939e-02
0.000000000000000000e+00 1.833030277982335490e-02
0.000000000000000000e+00 3.322649545167224994e-02
0.000000000000000000e+00 2.244994432064369161e-02
0.000000000000000000e+00 2.727636339397172122e-02
0.000000000000000000e+00 3.187475490101843167e-02
0.000000000000000000e+00 2.993325909419148473e-02
0.000000000000000000e+00 2.993325909419155759e-02
0.000000000000000000e+00 3.979949748426465234e-02
0.000000000000000000e+00 2.607680962081055168e-02
0.000000000000000000e+00 3.033150177620620377e-02
0.000000000000000000e+00 3.124099870362660042e-02
0.000000000000000000e+00 4.534313619501859072e-02
0.000000000000000000e+00 4.214261501141087357e-02
0.000000000000000000e+00 1.788854381999838150e-02
0.000000000000000000e+00 3.136877428271640095e-02
0.000000000000000000e+00 4.647580015448904422e-02
0.000000000000000000e+00 7.211102550927997457e-02
0.000000000000000000e+00 7.652450587883587174e-02
0.000000000000000000e+00 9.971960689854328375e-02
0.000000000000000000e+00 1.142628548566856361e-01
0.000000000000000000e+00 1.153429668423698595e-01
0.000000000000000000e+00 1.114271062174728155e-01
0.000000000000000000e+00 1.022545842493136764e-01
0.000000000000000000e+00 9.389355675444398253e-02
0.000000000000000000e+00 1.183891886955898975e-01
0.000000000000000000e+00 1.025670512396646694e-01
0.000000000000000000e+00 9.217374897442320858e-02
0.000000000000000000e+00 9.346657156438337166e-02
0.000000000000000000e+00 9.666436778875661662e-02
0.000000000000000000e+00 1.240322538697093968e-01
0.000000000000000000e+00 1.253794241492603989e-01
0.000000000000000000e+00 1.028785691968936850e-01
0.000000000000000000e+00 8.089499366462706009e-02
0.000000000000000000e+00 1.318483977907960736e-01
0.000000000000000000e+00 1.202331069215128584e-01
0.000000000000000000e+00 1.097998178504863004e-01
0.000000000000000000e+00 1.335065541462292504e-01
0.000000000000000000e+00 1.243543324536780653e-01
0.000000000000000000e+00 1.370255450636850558e-01
0.000000000000000000e+00 1.619135571840728260e-01
0.000000000000000000e+00 1.177454882362800465e-01
0.000000000000000000e+00 1.632911510156017099e-01
0.000000000000000000e+00 1.781684596105603535e-01
0.000000000000000000e+00 2.045091684986272140e-01
0.000000000000000000e+00 1.942781511132942174e-01
0.000000000000000000e+00 1.951819663800929139e-01
0.000000000000000000e+00 1.733666634621545133e-01
0.000000000000000000e+00 1.972206885699363810e-01
0.000000000000000000e+00 2.408817137102775563e-01
0.000000000000000000e+00 2.222251110923334494e-01
0.000000000000000000e+00 2.313957648704923487e-01
0.000000000000000000e+00 2.585652722234754175e-01
0.000000000000000000e+00 2.717057231638668191e-01
0.000000000000000000e+00 3.197248817342814853e-01
0.000000000000000000e+00 3.681847362398400492e-01
0.000000000000000000e+00 4.206376112522512423e-01
0.000000000000000000e+00 3.485627633583370244e-01
0.000000000000000000e+00 3.947961499305686628e-01
0.000000000000000000e+00 3.806310549600488424e-01
0.000000000000000000e+00 3.528965854184483164e-01
0.000000000000000000e+00 2.363556642012196174e-01
0.000000000000000000e+00 2.705106282570066134e-01
0.000000000000000000e+00 2.470951233836869987e-01
0.000000000000000000e+00 1.657226598869328826e-01
0.000000000000000000e+00 1.755676507788381802e-01
0.000000000000000000e+00 1.949358868961786895e-01
0.000000000000000000e+00 1.711607431626775977e-01
0.000000000000000000e+00 1.845643519209495542e-01
0.000000000000000000e+00 1.509171958393077384e-01
0.000000000000000000e+00 2.118112367179790512e-01
0.000000000000000000e+00 2.198181066245452897e-01
0.000000000000000000e+00 2.108459153030952937e-01
0.000000000000000000e+00 1.596997182214167088e-01
0.000000000000000000e+00 8.423775875461045337e-02
0.000000000000000000e+00 1.628496238865776991e-01
0.000000000000000000e+00 1.933907960581357222e-01
0.000000000000000000e+00 2.687303481187041654e-01
0.000000000000000000e+00 2.923969904085887972e-01
0.000000000000000000e+00 2.287356552879328542e-01
0.000000000000000000e+00 2.214858911985131684e-01
0.000000000000000000e+00 2.697109563959157463e-01
0.000000000000000000e+00 2.411140808828883819e-01
0.000000000000000000e+00 2.215942237514338387e-01
0.000000000000000000e+00 2.703627193235033643e-01
0.000000000000000000e+00 2.368628295026494190e-01
0.000000000000000000e+00 1.754308980767109449e-01
0.000000000000000000e+00 1.754308980767083914e-01
0.000000000000000000e+00 1.034214677907805136e-01
0.000000000000000000e+00 1.517366139071232578e-01
0.000000000000000000e+00 1.395707705789447639e-01
0.000000000000000000e+00 1.551257554373251246e-01
0.000000000000000000e+00 2.010969915239867456e-01
0.000000000000000000e+00 2.086719914123571218e-01
0.000000000000000000e+00 2.907507523635989299e-01
0.000000000000000000e+00 3.328302870833699800e-01
0.000000000000000000e+00 2.480645077394161013e-01
0.000000000000000000e+00 2.978187368182160233e-01
0.000000000000000000e+00 3.216830738475373042e-01
0.000000000000000000e+00 2.779640264494670499e-01
0.000000000000000000e+00 4.048901085479843509e-01
0.000000000000000000e+00 3.146172277546170903e-01
0.000000000000000000e+00 2.927387914165140437e-01
0.000000000000000000e+00 2.621907702418216912e-01
0.000000000000000000e+00 2.934211989614944893e-01
0.000000000000000000e+00 2.906819567843865193e-01
0.000000000000000000e+00 3.454620094887397852e-01
0.000000000000000000e+00 2.946591250920286842e-01
0.000000000000000000e+00 4.298185663742352669e-01
0.000000000000000000e+00 4.866867575761626985e-01
0.000000000000000000e+00 4.597216549174071298e-01
0.000000000000000000e+00 4.395725196142295510e-01
0.000000000000000000e+00 3.765952734700733773e-01
0.000000000000000000e+00 3.752652395306547151e-01
0.000000000000000000e+00 3.331906361229214353e-01
0.000000000000000000e+00 3.366065953008078870e-01
0.000000000000000000e+00 3.018211390873747901e-01
0.000000000000000000e+00 3.427885645700564088e-01
0.000000000000000000e+00 3.522726217008628757e-01
0.000000000000000000e+00 1.983935482821945484e-01
0.000000000000000000e+00 2.720588171701118774e-01
0.000000000000000000e+00 2.329291737846508337e-01
0.000000000000000000e+00 2.018910597327201739e-01
0.000000000000000000e+00 2.111492363235083491e-01
0.000000000000000000e+00 2.279122638209731266e-01
0.000000000000000000e+00 2.306165648863956197e-01
0.000000000000000000e+00 2.099142682144306271e-01
0.000000000000000000e+00 3.080000000000002180e-01
0.000000000000000000e+00 3.167964646267391049e-01
0.000000000000000000e+00 2.846330971619458472e-01
0.000000000000000000e+00 2.128285695107717257e-01
0.000000000000000000e+00 2.040980156689450875e-01
0.000000000000000000e+00 2.482418175892270873e-01
0.000000000000000000e+00 2.985699248082406276e-01
0.000000000000000000e+00 3.451724206827622710e-01
0.000000000000000000e+00 3.101999355254607682e-01
0.000000000000000000e+00 2.876386622135435611e-01
0.000000000000000000e+00 2.657066051117242811e-01
0.000000000000000000e+00 2.762897030292647549e-01
0.000000000000000000e+00 3.156960563580099577e-01
0.000000000000000000e+00 3.033150177620648202e-01
0.000000000000000000e+00 3.029587430657805780e-01
0.000000000000000000e+00 2.715879231482922762e-01
0.000000000000000000e+00 2.696219575628142628e-01
0.000000000000000000e+00 2.556873090319533026e-01
0.000000000000000000e+00 2.543540839066636972e-01
0.000000000000000000e+00 2.715437349673142098e-01
0.000000000000000000e+00 2.715879231482824507e-01
0.000000000000000000e+00 3.028795139985591134e-01
0.000000000000000000e+00 3.118589424723967052e-01
0.000000000000000000e+00 2.813254343282943770e-01
0.000000000000000000e+00 2.939795911283614727e-01
0.000000000000000000e+00 2.796712355606141287e-01
0.000000000000000000e+00 2.518253362948265073e-01
0.000000000000000000e+00 2.369472515139230406e-01
0.000000000000000000e+00 2.608754492090020194e-01
0.000000000000000000e+00 3.092830418888188881e-01
0.000000000000000000e+00 3.289012009707545370e-01
0.000000000000000000e+00 3.472520698282422491e-01
0.000000000000000000e+00 3.448825887168009419e-01
0.000000000000000000e+00 3.055225032628569592e-01
0.000000000000000000e+00 2.938434957592198082e-01
0.000000000000000000e+00 3.294237392781471097e-01
0.000000000000000000e+00 3.025623902602534443e-01
0.000000000000000000e+00 3.092183694414051831e-01
0.000000000000000000e+00 3.130878470972628946e-01
