0.000000000000000000e+00 8.777243302996677599e-02
0.000000000000000000e+00 6.437390775772430795e-02
0.000000000000000000e+00 6.406246951218778907e-02
0.000000000000000000e+00 4.445222154178576218e-02
0.000000000000000000e+00 2.227105745132009276e-02
0.000000000000000000e+00 4.498888751680792109e-02
0.000000000000000000e+00 4.400000000000008765e-02
0.000000000000000000e+00 4.690415759823435282e-02
0.000000000000000000e+00 4.400000000000007377e-02
0.000000000000000000e+00 4.586937976471900519e-02
0.000000000000000000e+00 4.604345773288527621e-02
0.000000000000000000e+00 4.882622246293491508e-02
0.000000000000000000e+00 6.280127387243039649e-02
0.000000000000000000e+00 7.110555533852476462e-02
0.000000000000000000e+00 7.172168430816444618e-02
0.000000000000000000e+00 8.064738061462375929e-02
0.000000000000000000e+00 7.884161337770816125e-02
0.000000000000000000e+00 8.318653737234175949e-02
0.000000000000000000e+00 7.467261881037781657e-02
0.000000000000000000e+00 6.852736679604731762e-02
0.000000000000000000e+00 4.223742416388589355e-02
0.000000000000000000e+00 6.645299090334447212e-02
0.000000000000000000e+00 8.840814442120137340e-02
0.000000000000000000e+00 8.260750571225332350e-02
0.000000000000000000e+00 8.357032966310500022e-02
0.000000000000000000e+00 7.088018058667752697e-02
0.000000000000000000e+00 7.277362159464111080e-02
0.000000000000000000e+00 6.241794613730883984e-02
0.000000000000000000e+00 4.995998398718714401e-02
0.000000000000000000e+00 4.979959839195504528e-02
0.000000000000000000e+00 4.882622246293467222e-02
0.000000000000000000e+00 7.833262411026449545e-02
0.000000000000000000e+00 1.160000000000000059e-01
0.000000000000000000e+00 1.431642413453861618e-01
0.000000000000000000e+00 1.499866660740216406e-01
0.000000000000000000e+00 1.475940378199605829e-01
0.000000000000000000e+00 1.544797721386202971e-01
0.000000000000000000e+00 1.313620949893842815e-01
0.000000000000000000e+00 1.591979899370597196e-01
0.000000000000000000e+00 1.542724862054151158e-01
0.000000000000000000e+00 1.919791655362632632e-01
0.000000000000000000e+00 1.879787222001468583e-01
0.000000000000000000e+00 1.684755175092214341e-01
0.000000000000000000e+00 1.327554142022087658e-01
0.000000000000000000e+00 1.989371760129311217e-01
0.000000000000000000e+00 1.583666631586328755e-01
0.000000000000000000e+00 2.150906785520939057e-01
0.000000000000000000e+00 2.215761720041214966e-01
0.000000000000000000e+00 1.817250670656086753e-01
0.000000000000000000e+00 1.857955865998976164e-01
0.000000000000000000e+00 2.388639780293379256e-01
0.000000000000000000e+00 2.454057864028481861e-01
0.000000000000000000e+00 3.520568135968971668e-01
0.000000000000000000e+00 3.121922484623853578e-01
0.000000000000000000e+00 2.425365951768920225e-01
0.000000000000000000e+00 1.205985074534511869e-01
0.000000000000000000e+00 1.239354670786377982e-01
0.000000000000000000e+00 1.724644890984812218e-01
0.000000000000000000e+00 2.101808744867140755e-01
0.000000000000000000e+00 3.174523586303933942e-01
0.000000000000000000e+00 2.733056896590330687e-01
0.000000000000000000e+00 1.479999999999994653e-01
0.000000000000000000e+00 1.558974021592403336e-01
0.000000000000000000e+00 2.394493683432884767e-01
0.000000000000000000e+00 1.774260409297357399e-01
0.000000000000000000e+00 1.075918212505022203e-01
0.000000000000000000e+00 7.924645102463644120e-02
0.000000000000000000e+00 2.434419848752474580e-01
0.000000000000000000e+00 2.941156235224510751e-01
0.000000000000000000e+00 1.207311061822929910e-01
0.000000000000000000e+00 1.573022568178863989e-01
0.000000000000000000e+00 3.255149766139799894e-01
0.000000000000000000e+00 3.028266831043787688e-01
0.000000000000000000e+00 2.830547650190680664e-01
0.000000000000000000e+00 2.938298827553108561e-01
0.000000000000000000e+00 3.638131388501527619e-01
0.000000000000000000e+00 2.806136133547335598e-01
0.000000000000000000e+00 1.467787450552696105e-01
0.000000000000000000e+00 2.769115382211443932e-01
0.000000000000000000e+00 1.725108692227833307e-01
0.000000000000000000e+00 1.048045800525911342e-01
0.000000000000000000e+00 2.616409753842104946e-01
0.000000000000000000e+00 2.692210987274224476e-01
0.000000000000000000e+00 4.187887295522649267e-01
0.000000000000000000e+00 2.277191252398442778e-01
0.000000000000000000e+00 5.065017275390084617e-01
0.000000000000000000e+00 5.316239272267567761e-01
0.000000000000000000e+00 2.980872355536209883e-01
0.000000000000000000e+00 3.290835760107146402e-01
0.000000000000000000e+00 6.260670890567557878e-01
0.000000000000000000e+00 4.289988344972490708e-01
0.000000000000000000e+00 6.038741590762101152e-01
0.000000000000000000e+00 1.008452279485747560e+00
0.000000000000000000e+00 8.762328457664658732e-01
0.000000000000000000e+00 1.138795855278723623e+00
0.000000000000000000e+00 6.192769977966253725e-01
0.000000000000000000e+00 7.395836666665913661e-01
0.000000000000000000e+00 1.039045716029858069e+00
0.000000000000000000e+00 8.398237910419058538e-01
0.000000000000000000e+00 5.150766933185779717e-01
0.000000000000000000e+00 4.313513648987333249e-01
0.000000000000000000e+00 3.028795139985530072e-01
0.000000000000000000e+00 7.113198999043958137e-01
0.000000000000000000e+00 4.949585841259854790e-01
0.000000000000000000e+00 3.726875366845526227e-01
0.000000000000000000e+00 4.294834106225770554e-01
0.000000000000000000e+00 5.862286243437786482e-01
0.000000000000000000e+00 5.877618565371512949e-01
0.000000000000000000e+00 6.817800231746308226e-01
0.000000000000000000e+00 9.915523183372632054e-01
0.000000000000000000e+00 6.300920567663109706e-01
0.000000000000000000e+00 5.554601695891426827e-01
0.000000000000000000e+00 7.063540188885458759e-01
0.000000000000000000e+00 6.648488550039028944e-01
0.000000000000000000e+00 2.162960933535318930e-01
0.000000000000000000e+00 6.785278181474938552e-01
0.000000000000000000e+00 4.632321232384474796e-01
0.000000000000000000e+00 5.370139662988295814e-01
0.000000000000000000e+00 6.207865977934772239e-01
0.000000000000000000e+00 5.113902619330951138e-01
0.000000000000000000e+00 5.509627936621492861e-01
0.000000000000000000e+00 5.729572409874920114e-01
0.000000000000000000e+00 3.928154783101087677e-01
0.000000000000000000e+00 4.713809499757072863e-01
0.000000000000000000e+00 4.381141403789652333e-01
0.000000000000000000e+00 1.515783625719711869e-01
0.000000000000000000e+00 3.478275434752111650e-01
0.000000000000000000e+00 2.298347232251903016e-01
0.000000000000000000e+00 3.379704129062186535e-01
0.000000000000000000e+00 5.230831673835429907e-01
0.000000000000000000e+00 4.883195674965322142e-01
0.000000000000000000e+00 2.612584926849266242e-01
0.000000000000000000e+00 3.714081313057112088e-01
0.000000000000000000e+00 5.642127258401746781e-01
0.000000000000000000e+00 2.938979414694832815e-01
0.000000000000000000e+00 6.615617884974920315e-01
0.000000000000000000e+00 4.951928917098862848e-01
0.000000000000000000e+00 2.150906785520944053e-01
0.000000000000000000e+00 4.624456724848883815e-01
0.000000000000000000e+00 6.187923722865368292e-01
0.000000000000000000e+00 5.252580318281678817e-01
0.000000000000000000e+00 3.096707929398565540e-01
0.000000000000000000e+00 6.241281919605931039e-01
0.000000000000000000e+00 6.140553720960353346e-01
0.000000000000000000e+00 7.305231002507724947e-01
0.000000000000000000e+00 8.347550538930574859e-01
0.000000000000000000e+00 1.022694480282356766e+00
0.000000000000000000e+00 6.622990261203774986e-01
0.000000000000000000e+00 5.278105720805530421e-01
0.000000000000000000e+00 5.247246897183316383e-01
0.000000000000000000e+00 4.403180668562221012e-01
0.000000000000000000e+00 3.830195817448499573e-01
0.000000000000000000e+00 5.354026522160676427e-01
0.000000000000000000e+00 2.908882947112174655e-01
0.000000000000000000e+00 2.524598978055725418e-01
0.000000000000000000e+00 4.324997109825625685e-01
0.000000000000000000e+00 5.031659765922172900e-01
0.000000000000000000e+00 5.553161261839963947e-01
0.000000000000000000e+00 5.280530276402173318e-01
0.000000000000000000e+00 2.654053503605385833e-01
0.000000000000000000e+00 3.541976849162066232e-01
0.000000000000000000e+00 4.902489163680011086e-01
0.000000000000000000e+00 4.131827682757356346e-01
0.000000000000000000e+00 3.187098994383449901e-01
0.000000000000000000e+00 3.664423556304598484e-01
0.000000000000000000e+00 4.305066782292709671e-01
0.000000000000000000e+00 5.566542912796049736e-01
0.000000000000000000e+00 6.563840339313560257e-01
0.000000000000000000e+00 2.200908903157963170e-01
0.000000000000000000e+00 2.450306103326685414e-01
