0.000000000000000000e+00 3.286335345030991922e-02
0.000000000000000000e+00 2.416609194718916803e-02
0.000000000000000000e+00 2.059126028197403799e-02
0.000000000000000000e+00 1.854723699099139478e-02
0.000000000000000000e+00 1.833030277982345552e-02
0.000000000000000000e+00 3.666060555964658491e-02
0.000000000000000000e+00 4.758150901348127265e-02
0.000000000000000000e+00 4.791659420284376247e-02
0.000000000000000000e+00 4.534313619501850745e-02
0.000000000000000000e+00 4.664761515876244408e-02
0.000000000000000000e+00 4.445222154178577606e-02
0.000000000000000000e+00 4.166533331199936963e-02
0.000000000000000000e+00 5.635601121442151973e-02
0.000000000000000000e+00 6.829348431585548218e-02
0.000000000000000000e+00 6.916646586316239909e-02
0.000000000000000000e+00 7.812809993849843815e-02
0.000000000000000000e+00 7.884161337770816125e-02
0.000000000000000000e+00 8.328265125462813723e-02
0.000000000000000000e+00 7.249827584156737226e-02
0.000000000000000000e+00 6.651315659326358098e-02
0.000000000000000000e+00 4.166533331199944595e-02
0.000000000000000000e+00 6.560487786742674743e-02
0.000000000000000000e+00 8.173126696680999004e-02
0.000000000000000000e+00 7.391887445030527470e-02
0.000000000000000000e+00 7.499333303701077869e-02
0.000000000000000000e+00 6.705221845696092420e-02
0.000000000000000000e+00 7.194442299441990152e-02
0.000000000000000000e+00 6.974238309665059532e-02
0.000000000000000000e+00 5.268775948927789665e-02
0.000000000000000000e+00 4.963869458396335393e-02
0.000000000000000000e+00 4.621688003316528487e-02
0.000000000000000000e+00 7.812809993849838264e-02
0.000000000000000000e+00 1.036532681587994109e-01
0.000000000000000000e+00 1.170640850132952104e-01
0.000000000000000000e+00 1.182201336490535104e-01
0.000000000000000000e+00 1.275303885354392430e-01
0.000000000000000000e+00 1.380724447527453547e-01
0.000000000000000000e+00 1.070700705145931492e-01
0.000000000000000000e+00 1.435827287663809237e-01
0.000000000000000000e+00 1.355581056226444481e-01
0.000000000000000000e+00 1.366747965061590742e-01
0.000000000000000000e+00 1.416192077368037538e-01
0.000000000000000000e+00 1.225397894563236001e-01
0.000000000000000000e+00 1.438054240979807774e-01
0.000000000000000000e+00 1.842389752468241437e-01
0.000000000000000000e+00 1.699411662899838749e-01
0.000000000000000000e+00 1.931424344881258193e-01
0.000000000000000000e+00 1.558717421471894349e-01
0.000000000000000000e+00 1.736663467687391826e-01
0.000000000000000000e+00 2.083842604420973743e-01
0.000000000000000000e+00 2.341794183953831709e-01
0.000000000000000000e+00 2.302694074339888819e-01
0.000000000000000000e+00 3.026284851100431994e-01
0.000000000000000000e+00 3.140955268704095915e-01
0.000000000000000000e+00 2.730860670191725958e-01
0.000000000000000000e+00 2.012560558095087826e-01
0.000000000000000000e+00 1.323026832683302512e-01
0.000000000000000000e+00 1.420704050814253216e-01
0.000000000000000000e+00 1.372005830891406264e-01
0.000000000000000000e+00 1.623083485221869515e-01
0.000000000000000000e+00 1.828004376362381000e-01
0.000000000000000000e+00 6.723094525588702020e-02
0.000000000000000000e+00 1.034214677907830809e-01
0.000000000000000000e+00 1.123209686567922944e-01
0.000000000000000000e+00 1.090687856354879554e-01
0.000000000000000000e+00 4.176122603564144664e-02
0.000000000000000000e+00 7.277362159464061120e-02
0.000000000000000000e+00 7.578918128598491344e-02
0.000000000000000000e+00 1.674514855114757894e-01
0.000000000000000000e+00 1.386506400994967358e-01
0.000000000000000000e+00 1.434712514756889545e-01
0.000000000000000000e+00 1.573022568178854552e-01
0.000000000000000000e+00 1.874673304872070956e-01
0.000000000000000000e+00 1.602997192761113354e-01
0.000000000000000000e+00 1.606984754128046866e-01
0.000000000000000000e+00 2.208528922156103302e-01
0.000000000000000000e+00 2.777336853894408764e-01
0.000000000000000000e+00 2.748381341808294742e-01
0.000000000000000000e+00 2.008979840615630064e-01
0.000000000000000000e+00 1.867618804788600817e-01
0.000000000000000000e+00 2.096091601051820463e-01
0.000000000000000000e+00 2.223870499826821889e-01
0.000000000000000000e+00 1.930181338631176136e-01
0.000000000000000000e+00 1.765672676347457282e-01
0.000000000000000000e+00 1.327554142022086547e-01
0.000000000000000000e+00 1.305373509766457885e-01
0.000000000000000000e+00 1.638780034049731049e-01
0.000000000000000000e+00 1.090687856354896207e-01
0.000000000000000000e+00 8.494704232637956265e-02
0.000000000000000000e+00 1.092886087385113586e-01
0.000000000000000000e+00 1.451068571777349159e-01
0.000000000000000000e+00 1.517102501481047694e-01
0.000000000000000000e+00 2.154994199528145749e-01
0.000000000000000000e+00 3.204372013359256255e-01
0.000000000000000000e+00 2.349978723307922790e-01
0.000000000000000000e+00 1.683567640458799308e-01
0.000000000000000000e+00 1.207311061822904374e-01
0.000000000000000000e+00 1.170299107066250510e-01
0.000000000000000000e+00 1.303226764611586652e-01
0.000000000000000000e+00 2.123205124334444083e-01
0.000000000000000000e+00 1.689260193102323504e-01
0.000000000000000000e+00 5.059644256269635321e-02
0.000000000000000000e+00 1.454097658343478650e-01
0.000000000000000000e+00 2.123205124334436034e-01
0.000000000000000000e+00 2.102950308495174780e-01
0.000000000000000000e+00 1.774711244118360731e-01
0.000000000000000000e+00 1.443052320603806782e-01
0.000000000000000000e+00 1.132431013351351684e-01
0.000000000000000000e+00 1.567928569801551597e-01
0.000000000000000000e+00 1.282185633985972739e-01
0.000000000000000000e+00 9.579144011862354702e-02
0.000000000000000000e+00 1.660843159362127286e-01
0.000000000000000000e+00 2.009378013217054948e-01
0.000000000000000000e+00 1.479729705047516108e-01
0.000000000000000000e+00 1.443052320603780414e-01
0.000000000000000000e+00 1.456845908117974098e-01
0.000000000000000000e+00 1.161722858516604923e-01
0.000000000000000000e+00 1.146472851837350843e-01
0.000000000000000000e+00 1.441388219738206355e-01
0.000000000000000000e+00 1.121427661510072948e-01
0.000000000000000000e+00 1.136661779070622103e-01
0.000000000000000000e+00 8.014985963805580649e-02
0.000000000000000000e+00 1.312402377321822966e-01
0.000000000000000000e+00 9.453041838477355130e-02
0.000000000000000000e+00 1.105621996886842900e-01
0.000000000000000000e+00 2.060485379710309817e-01
0.000000000000000000e+00 2.732325017270100243e-01
0.000000000000000000e+00 3.170236584231548860e-01
0.000000000000000000e+00 2.696219575628062692e-01
0.000000000000000000e+00 2.421074141780902578e-01
0.000000000000000000e+00 2.153508764783671203e-01
0.000000000000000000e+00 2.815244216759865692e-01
0.000000000000000000e+00 2.798999821364775431e-01
0.000000000000000000e+00 2.398332754227404662e-01
0.000000000000000000e+00 2.693399339125292502e-01
0.000000000000000000e+00 2.172003683238110383e-01
0.000000000000000000e+00 1.941133689368137183e-01
0.000000000000000000e+00 1.757953355467631873e-01
0.000000000000000000e+00 2.242676971835207422e-01
0.000000000000000000e+00 1.772681584492850349e-01
0.000000000000000000e+00 2.042547429069906662e-01
0.000000000000000000e+00 1.452446212429288064e-01
0.000000000000000000e+00 1.898841752226860524e-01
0.000000000000000000e+00 2.380756182392403109e-01
0.000000000000000000e+00 2.240892679268686738e-01
0.000000000000000000e+00 2.124146887576211229e-01
0.000000000000000000e+00 1.902629759044050239e-01
0.000000000000000000e+00 2.074993975894870724e-01
0.000000000000000000e+00 2.309458811063782591e-01
0.000000000000000000e+00 2.141401410291808027e-01
0.000000000000000000e+00 2.245528890929669175e-01
0.000000000000000000e+00 2.456338738855067816e-01
0.000000000000000000e+00 2.964725956981490440e-01
0.000000000000000000e+00 2.891781457856022475e-01
0.000000000000000000e+00 3.058496362593821072e-01
0.000000000000000000e+00 3.061110909457518958e-01
0.000000000000000000e+00 3.224282866002926018e-01
0.000000000000000000e+00 2.970925781637773211e-01
0.000000000000000000e+00 2.711899703160071673e-01
0.000000000000000000e+00 2.148487840319358300e-01
0.000000000000000000e+00 1.957958120083300724e-01
0.000000000000000000e+00 2.248021352211747037e-01
0.000000000000000000e+00 1.869117438793036490e-01
0.000000000000000000e+00 2.018514305126405395e-01
0.000000000000000000e+00 1.891454466805881640e-01
0.000000000000000000e+00 1.892511558749368494e-01
0.000000000000000000e+00 2.143455154650971417e-01
0.000000000000000000e+00 2.345548976252686268e-01
0.000000000000000000e+00 2.326370563775243261e-01
0.000000000000000000e+00 2.088635918488372656e-01
