0.000000000000000000e+00 1.732380888142096703e-02
0.000000000000000000e+00 1.827908352626028340e-02
0.000000000000000000e+00 1.729918502589066973e-02
0.000000000000000000e+00 1.647085416850018955e-02
0.000000000000000000e+00 1.299478882321678831e-02
0.000000000000000000e+00 1.260941369612401594e-02
0.000000000000000000e+00 1.319209484501987495e-02
0.000000000000000000e+00 1.228490358773726664e-02
0.000000000000000000e+00 7.486111129284684675e-03
0.000000000000000000e+00 9.744432761325822617e-03
0.000000000000000000e+00 5.157990709568988953e-03
0.000000000000000000e+00 4.875793802038802353e-03
0.000000000000000000e+00 9.486221262441647817e-03
0.000000000000000000e+00 9.061252593322846258e-03
0.000000000000000000e+00 9.049777796167151472e-03
0.000000000000000000e+00 1.097905983953088686e-02
0.000000000000000000e+00 1.369599960572429401e-02
0.000000000000000000e+00 1.441699966567246485e-02
0.000000000000000000e+00 8.886401251350288175e-03
0.000000000000000000e+00 8.693106542542777121e-03
0.000000000000000000e+00 1.291487148058392473e-02
0.000000000000000000e+00 8.772646907290865964e-03
0.000000000000000000e+00 8.740201013706719313e-03
0.000000000000000000e+00 7.507738690178287697e-03
0.000000000000000000e+00 9.731866172528269923e-03
0.000000000000000000e+00 6.089528572886409620e-03
0.000000000000000000e+00 1.051053991762554603e-02
0.000000000000000000e+00 5.825994733948876639e-03
0.000000000000000000e+00 1.360005246166351607e-02
0.000000000000000000e+00 9.488846125846918389e-03
0.000000000000000000e+00 1.543466600869613549e-02
0.000000000000000000e+00 1.164778636479911131e-02
0.000000000000000000e+00 5.159495494716512601e-03
0.000000000000000000e+00 1.098822281536008562e-02
0.000000000000000000e+00 1.114467570456852477e-02
0.000000000000000000e+00 1.333699985154082092e-02
0.000000000000000000e+00 6.305975306009376814e-03
0.000000000000000000e+00 8.428337805285214535e-03
0.000000000000000000e+00 9.941023629385460636e-03
0.000000000000000000e+00 9.071064973860570521e-03
0.000000000000000000e+00 7.642078199024141850e-03
0.000000000000000000e+00 8.535701789542556039e-03
0.000000000000000000e+00 1.309546252104140489e-02
0.000000000000000000e+00 1.068932907903952061e-02
0.000000000000000000e+00 8.283383617821880526e-03
0.000000000000000000e+00 1.254870353462857885e-02
0.000000000000000000e+00 1.144750352522330879e-02
0.000000000000000000e+00 9.042456953726690436e-03
0.000000000000000000e+00 1.324011099047133107e-02
0.000000000000000000e+00 1.383748408635039270e-02
0.000000000000000000e+00 1.248799245675620388e-02
0.000000000000000000e+00 9.072972214219543474e-03
0.000000000000000000e+00 6.100207425981505997e-03
0.000000000000000000e+00 1.114803725146270436e-02
0.000000000000000000e+00 5.665435213644235898e-03
0.000000000000000000e+00 1.196076121992241566e-02
0.000000000000000000e+00 5.889931999607465538e-03
0.000000000000000000e+00 4.875824238013501226e-03
0.000000000000000000e+00 7.569675221566624958e-03
0.000000000000000000e+00 6.858440359148719814e-03
0.000000000000000000e+00 8.743300374572524764e-03
0.000000000000000000e+00 5.514919306753269558e-03
0.000000000000000000e+00 9.670005096172383172e-03
0.000000000000000000e+00 1.033897544247011635e-02
0.000000000000000000e+00 1.008476780892847077e-02
0.000000000000000000e+00 6.305330931838559055e-03
0.000000000000000000e+00 8.537348661030553371e-03
0.000000000000000000e+00 7.818311751267020479e-03
0.000000000000000000e+00 7.668736756467773620e-03
0.000000000000000000e+00 1.010620310502416234e-02
0.000000000000000000e+00 3.922184156818766740e-03
0.000000000000000000e+00 3.853203726770753745e-03
0.000000000000000000e+00 9.871172522046183298e-03
0.000000000000000000e+00 1.019449781009344573e-02
0.000000000000000000e+00 1.234179751251816490e-02
0.000000000000000000e+00 5.171133082797248724e-03
0.000000000000000000e+00 5.229812501419133994e-03
0.000000000000000000e+00 8.155567423545726988e-03
0.000000000000000000e+00 8.352292537980211470e-03
0.000000000000000000e+00 4.850090489877468929e-03
0.000000000000000000e+00 7.355834022053512125e-03
0.000000000000000000e+00 8.154862068729330088e-03
0.000000000000000000e+00 1.095506163560936580e-02
0.000000000000000000e+00 8.838754016262721086e-03
0.000000000000000000e+00 7.677851902713423403e-03
0.000000000000000000e+00 8.217242836864441929e-03
0.000000000000000000e+00 6.138199853377213945e-03
0.000000000000000000e+00 4.805339421934705542e-03
0.000000000000000000e+00 6.683785562089767339e-03
0.000000000000000000e+00 6.821754337412024721e-03
0.000000000000000000e+00 2.903690438046037815e-03
0.000000000000000000e+00 6.250194128185116750e-03
0.000000000000000000e+00 4.040255813683068381e-03
0.000000000000000000e+00 5.794588130316059849e-03
0.000000000000000000e+00 3.323146196001614591e-03
0.000000000000000000e+00 4.330612815757132160e-03
0.000000000000000000e+00 5.727749456811122644e-03
0.000000000000000000e+00 8.396240110906798629e-03
0.000000000000000000e+00 7.444666670845659362e-03
0.000000000000000000e+00 7.640947009369939216e-03
0.000000000000000000e+00 7.333764643073862818e-03
0.000000000000000000e+00 1.064587569718901394e-02
0.000000000000000000e+00 5.855613696274699319e-03
0.000000000000000000e+00 9.041941362340277094e-03
0.000000000000000000e+00 7.060598150298583002e-03
0.000000000000000000e+00 6.483608606324106453e-03
0.000000000000000000e+00 6.513723893442193401e-03
0.000000000000000000e+00 4.555982791890248775e-03
0.000000000000000000e+00 7.502354494423747744e-03
0.000000000000000000e+00 6.876586083224746175e-03
0.000000000000000000e+00 3.901105658656257337e-03
0.000000000000000000e+00 4.426899004946926314e-03
0.000000000000000000e+00 5.825040346641391018e-03
0.000000000000000000e+00 5.589209690108268638e-03
0.000000000000000000e+00 3.859554969164198397e-03
0.000000000000000000e+00 2.705801648310523187e-03
0.000000000000000000e+00 2.146086857515335389e-03
0.000000000000000000e+00 2.520968813769826865e-03
0.000000000000000000e+00 6.142752653330575859e-03
0.000000000000000000e+00 5.458538324496755613e-03
0.000000000000000000e+00 5.500448730785530843e-03
0.000000000000000000e+00 5.071180044131731041e-03
0.000000000000000000e+00 3.145112118828203174e-03
0.000000000000000000e+00 6.692922877189013721e-03
0.000000000000000000e+00 7.419343108389066070e-03
0.000000000000000000e+00 5.213294482378667653e-03
0.000000000000000000e+00 4.294892753026529827e-03
0.000000000000000000e+00 4.630363329156801828e-03
0.000000000000000000e+00 5.478692493652095180e-03
0.000000000000000000e+00 2.539469818682650246e-03
0.000000000000000000e+00 1.817184811734890793e-03
0.000000000000000000e+00 2.996325883477972841e-03
0.000000000000000000e+00 3.874844440748561030e-03
0.000000000000000000e+00 3.036932333786858396e-03
0.000000000000000000e+00 2.045783918208347700e-03
0.000000000000000000e+00 3.265602388534174713e-03
0.000000000000000000e+00 5.017347131702177068e-03
0.000000000000000000e+00 4.146603284617438566e-03
0.000000000000000000e+00 4.180722683938738540e-03
0.000000000000000000e+00 3.675267750790422745e-03
0.000000000000000000e+00 4.291195013047071488e-03
0.000000000000000000e+00 3.276128227038746423e-03
0.000000000000000000e+00 2.863020181556546681e-03
0.000000000000000000e+00 3.286575153560320622e-03
0.000000000000000000e+00 4.028684768010522624e-03
0.000000000000000000e+00 1.732922040947050026e-03
0.000000000000000000e+00 2.559791444629823040e-03
0.000000000000000000e+00 3.006559256026725222e-03
0.000000000000000000e+00 2.486181859800272714e-03
0.000000000000000000e+00 1.318214914192665857e-03
0.000000000000000000e+00 1.913088121336808077e-03
0.000000000000000000e+00 1.856734380572515417e-03
0.000000000000000000e+00 2.718787891689995132e-03
0.000000000000000000e+00 2.376940133869586119e-03
0.000000000000000000e+00 3.593509849715200918e-03
0.000000000000000000e+00 3.278243346672116056e-03
0.000000000000000000e+00 2.274714276563101576e-03
0.000000000000000000e+00 3.561203201166717597e-03
0.000000000000000000e+00 1.736680972429881838e-03
0.000000000000000000e+00 1.486763545423406847e-03
0.000000000000000000e+00 1.651879608203965901e-03
0.000000000000000000e+00 1.773457797637139266e-03
0.000000000000000000e+00 9.858819401936554355e-04
0.000000000000000000e+00 2.951257996177227179e-03
0.000000000000000000e+00 2.556866910889199224e-03
0.000000000000000000e+00 3.241877394350354234e-03
0.000000000000000000e+00 3.561756926012783070e-03
0.000000000000000000e+00 3.018863958511534568e-03
0.000000000000000000e+00 3.296196620348983922e-03
0.000000000000000000e+00 2.787694560026275203e-03
