1.000000000000000000e+02 1.830333333333333118e-03
1.110000000000000000e+02 1.673555555555555734e-03
1.220000000000000000e+02 1.494666666666666713e-03
1.340000000000000000e+02 1.310555555555555475e-03
1.470000000000000000e+02 1.108222222222222247e-03
1.620000000000000000e+02 8.958888888888889932e-04
1.780000000000000000e+02 7.066666666666666409e-04
1.950000000000000000e+02 6.381111111111111055e-04
2.150000000000000000e+02 5.316666666666667240e-04
2.360000000000000000e+02 3.585555555555555913e-04
2.600000000000000000e+02 2.738888888888888905e-04
2.860000000000000000e+02 1.764444444444444296e-04
3.140000000000000000e+02 1.284444444444444555e-04
3.460000000000000000e+02 1.110000000000000147e-04
3.800000000000000000e+02 8.455555555555555839e-05
4.180000000000000000e+02 7.577777777777778710e-05
4.600000000000000000e+02 6.311111111111111522e-05
5.060000000000000000e+02 5.711111111111110490e-05
5.560000000000000000e+02 6.799999999999999946e-05
6.120000000000000000e+02 7.922222222222222643e-05
6.730000000000000000e+02 1.046666666666666720e-04
7.410000000000000000e+02 1.238888888888888765e-04
8.150000000000000000e+02 1.402222222222222184e-04
8.960000000000000000e+02 1.536666666666666704e-04
9.850000000000000000e+02 1.537777777777777721e-04
1.084000000000000000e+03 1.640000000000000019e-04
1.192000000000000000e+03 1.869999999999999917e-04
1.311000000000000000e+03 2.222222222222222329e-04
1.443000000000000000e+03 2.396666666666667279e-04
1.587000000000000000e+03 2.669999999999999847e-04
1.745000000000000000e+03 3.251111111111111953e-04
1.920000000000000000e+03 3.557777777777777761e-04
2.112000000000000000e+03 3.653333333333333953e-04
2.323000000000000000e+03 3.676666666666666408e-04
2.555000000000000000e+03 4.235555555555555450e-04
2.811000000000000000e+03 5.364444444444445336e-04
3.092000000000000000e+03 6.372222222222221830e-04
3.401000000000000000e+03 7.275555555555556159e-04
3.741000000000000000e+03 7.523333333333332611e-04
4.115000000000000000e+03 7.955555555555555340e-04
4.526000000000000000e+03 8.958888888888889932e-04
4.979000000000000000e+03 9.604444444444443230e-04
5.477000000000000000e+03 1.072555555555555328e-03
6.025000000000000000e+03 1.235444444444444394e-03
6.627000000000000000e+03 1.373111111111110973e-03
7.290000000000000000e+03 1.493333333333333492e-03
8.018000000000000000e+03 1.788666666666666703e-03
8.820000000000000000e+03 1.980000000000000423e-03
9.702000000000000000e+03 2.252000000000000095e-03
1.067200000000000000e+04 2.682777777777777851e-03
1.174000000000000000e+04 3.219444444444444480e-03
1.291300000000000000e+04 3.850888888888888938e-03
1.420500000000000000e+04 4.468555555555555475e-03
1.562500000000000000e+04 5.315000000000000280e-03
1.718800000000000000e+04 6.591222222222222274e-03
1.890600000000000000e+04 8.245555555555554583e-03
2.079700000000000000e+04 1.033711111111110942e-02
2.287700000000000000e+04 1.381822222222222479e-02
2.516400000000000000e+04 1.825255555555555312e-02
2.768100000000000000e+04 2.495699999999999655e-02
3.044900000000000000e+04 3.327133333333333332e-02
3.349300000000000000e+04 4.648066666666667707e-02
3.684300000000000000e+04 6.414422222222221359e-02
4.052700000000000000e+04 8.511299999999999422e-02
4.458000000000000000e+04 1.147189999999999876e-01
4.903800000000000000e+04 1.499565555555555652e-01
5.394100000000000000e+04 1.845152222222222471e-01
5.933500000000000000e+04 2.215123333333333111e-01
6.526900000000000000e+04 2.589495555555555439e-01
7.179600000000000000e+04 2.937385555555555028e-01
7.897500000000000000e+04 3.234600000000000253e-01
8.687300000000000000e+04 3.480494444444444113e-01
9.556000000000000000e+04 3.624359999999999804e-01
1.051160000000000000e+05 3.767803333333333282e-01
1.156270000000000000e+05 3.873646666666666349e-01
1.271900000000000000e+05 3.971601111111111027e-01
1.399090000000000000e+05 4.025789999999999647e-01
1.539000000000000000e+05 4.098806666666666709e-01
1.692900000000000000e+05 4.161714444444444272e-01
1.862190000000000000e+05 4.195053333333332857e-01
2.048410000000000000e+05 4.235367777777777620e-01
2.253250000000000000e+05 4.266972222222222277e-01
2.478570000000000000e+05 4.317561111111111738e-01
2.726430000000000000e+05 4.338303333333333178e-01
2.999070000000000000e+05 4.370801111111111137e-01
3.298970000000000000e+05 4.403741111111110773e-01
3.628870000000000000e+05 4.424251111111111578e-01
3.991760000000000000e+05 4.444720000000000892e-01
4.390930000000000000e+05 4.476746666666666652e-01
4.830030000000000000e+05 4.504524444444444331e-01
5.313030000000000000e+05 4.516168888888889010e-01
5.844330000000000000e+05 4.537253333333332583e-01
6.428760000000000000e+05 4.542936666666667067e-01
7.071640000000000000e+05 4.572106666666666541e-01
7.778800000000000000e+05 4.575915555555555847e-01
8.556680000000000000e+05 4.598762222222221308e-01
9.412350000000000000e+05 4.609279999999998934e-01
1.035358000000000000e+06 4.623940000000000272e-01
1.138894000000000000e+06 4.631775555555555646e-01
1.252783000000000000e+06 4.648309999999999942e-01
1.378062000000000000e+06 4.657212222222222309e-01
1.515868000000000000e+06 4.661443333333332717e-01
1.667455000000000000e+06 4.670885555555556179e-01
1.834200000000000000e+06 4.678211111111110210e-01
2.017620000000000000e+06 4.690748888888888191e-01
2.219382000000000000e+06 4.690507777777777609e-01
2.441320000000000000e+06 4.701081111111110600e-01
2.685452000000000000e+06 4.708418888888888931e-01
2.953997000000000000e+06 4.713176666666666348e-01
3.249397000000000000e+06 4.718615555555555896e-01
3.574336000000000000e+06 4.720539999999999736e-01
3.931770000000000000e+06 4.725481111111110577e-01
4.324947000000000000e+06 4.730501111111110601e-01
4.757442000000000000e+06 4.738913333333333311e-01
5.233186000000000000e+06 4.740775555555555298e-01
5.756504000000000000e+06 4.744171111111110672e-01
6.332155000000000000e+06 4.748368888888889194e-01
6.965370000000000000e+06 4.751414444444443941e-01
7.661907000000000000e+06 4.756519999999999637e-01
8.428098000000000000e+06 4.756841111111110298e-01
9.270907000000000000e+06 4.761886666666666490e-01
1.019799800000000000e+07 4.763818888888889380e-01
1.121779800000000000e+07 4.764168888888888342e-01
1.233957800000000000e+07 4.765349999999999309e-01
1.357353500000000000e+07 4.770441111111110577e-01
1.493088900000000000e+07 4.773093333333333632e-01
1.642397800000000000e+07 4.772578888888889259e-01
1.806637500000000000e+07 4.772366666666666979e-01
1.987301300000000000e+07 4.777926666666666433e-01
2.186031400000000000e+07 4.778871111111110959e-01
2.404634500000000000e+07 4.782761111111110686e-01
2.645098000000000000e+07 4.781236666666667245e-01
2.909607800000000000e+07 4.780703333333333749e-01
3.200568500000000000e+07 4.782028888888888996e-01
3.520625400000000000e+07 4.783799999999999719e-01
3.872687900000000000e+07 4.787313333333333976e-01
4.259956700000000000e+07 4.787343333333333173e-01
4.685952400000000000e+07 4.786068888888889150e-01
5.154547600000000000e+07 4.788683333333333958e-01
5.670002400000000000e+07 4.788161111111111645e-01
6.237002600000000000e+07 4.793235555555555583e-01
6.860702900000000000e+07 4.789526666666666377e-01
7.546773100000000000e+07 4.792692222222221243e-01
8.301450500000000000e+07 4.791666666666666852e-01
9.131595500000000000e+07 4.795615555555555742e-01
1.004475500000000000e+08 4.794555555555555793e-01
1.104923050000000000e+08 4.795888888888888979e-01
1.215415360000000000e+08 4.797391111111111162e-01
1.336956890000000000e+08 4.797769999999999535e-01
1.470652580000000000e+08 4.798606666666666576e-01
1.617717840000000000e+08 4.795094444444444881e-01
1.779489620000000000e+08 4.799359999999999737e-01
1.957438590000000000e+08 4.800664444444444623e-01
2.153182440000000000e+08 4.798998888888889591e-01
2.368500690000000000e+08 4.800644444444444048e-01
2.605350760000000000e+08 4.800316666666666898e-01
2.865885830000000000e+08 4.801536666666666453e-01
3.152474410000000000e+08 4.800756666666666228e-01
3.467721860000000000e+08 4.801940000000000097e-01
3.814494040000000000e+08 4.801995555555555462e-01
4.195943440000000000e+08 4.802212222222222993e-01
4.615537790000000000e+08 4.803732222222222292e-01
5.077091570000000000e+08 4.803317777777778019e-01
5.584800720000000000e+08 4.803112222222222227e-01
6.143280790000000000e+08 4.803631111111110741e-01
6.757608870000000000e+08 4.800993333333332114e-01
7.433369760000000000e+08 4.805724444444443577e-01
8.176706740000000000e+08 4.807889999999999664e-01
8.994377410000000000e+08 4.804312222222222317e-01
9.893815150000000000e+08 4.805746666666667055e-01
1.000000000000000000e+02 4.803940000000000432e-01
1.110000000000000000e+02 4.803940000000000432e-01
1.220000000000000000e+02 4.803969999999999629e-01
1.340000000000000000e+02 4.803972222222221977e-01
1.470000000000000000e+02 4.804014444444444365e-01
1.620000000000000000e+02 4.804014444444444365e-01
1.780000000000000000e+02 4.804014444444444365e-01
1.950000000000000000e+02 4.803997777777778144e-01
2.150000000000000000e+02 4.803994444444444345e-01
2.360000000000000000e+02 4.803994444444444345e-01
2.600000000000000000e+02 4.803994444444444345e-01
2.860000000000000000e+02 4.803994444444444345e-01
3.140000000000000000e+02 4.803992222222221997e-01
3.460000000000000000e+02 4.803993333333333449e-01
3.800000000000000000e+02 4.803999999999999937e-01
4.180000000000000000e+02 4.804005555555554974e-01
4.600000000000000000e+02 4.804023333333333756e-01
5.060000000000000000e+02 4.804035555555556392e-01
5.560000000000000000e+02 4.804020000000000512e-01
6.120000000000000000e+02 4.804058888888889101e-01
6.730000000000000000e+02 4.804071111111111181e-01
7.410000000000000000e+02 4.804130000000000345e-01
8.150000000000000000e+02 4.804188888888888398e-01
8.960000000000000000e+02 4.804182222222221910e-01
9.850000000000000000e+02 4.804237777777777274e-01
1.084000000000000000e+03 4.804343333333332966e-01
1.192000000000000000e+03 4.804512222222222517e-01
1.311000000000000000e+03 4.804610000000000269e-01
1.443000000000000000e+03 4.804712222222222162e-01
1.587000000000000000e+03 4.804865555555555834e-01
1.745000000000000000e+03 4.804848888888889058e-01
1.920000000000000000e+03 4.804949999999999499e-01
2.112000000000000000e+03 4.804882222222222055e-01
2.323000000000000000e+03 4.804914444444444710e-01
2.555000000000000000e+03 4.804905555555555874e-01
2.811000000000000000e+03 4.805161111111111438e-01
3.092000000000000000e+03 4.805337777777778374e-01
3.401000000000000000e+03 4.805611111111112166e-01
3.741000000000000000e+03 4.806008888888888553e-01
4.115000000000000000e+03 4.806577777777777949e-01
4.526000000000000000e+03 4.806965555555556269e-01
4.979000000000000000e+03 4.807861111111110808e-01
5.477000000000000000e+03 4.808716666666666417e-01
6.025000000000000000e+03 4.809532222222221431e-01
6.627000000000000000e+03 4.810176666666667322e-01
7.290000000000000000e+03 4.811166666666666369e-01
8.018000000000000000e+03 4.812629999999999963e-01
8.820000000000000000e+03 4.814876666666667027e-01
9.702000000000000000e+03 4.816272222222222066e-01
1.067200000000000000e+04 4.818649999999999878e-01
1.174000000000000000e+04 4.820974444444444673e-01
1.291300000000000000e+04 4.823656666666666926e-01
1.420500000000000000e+04 4.826471111111110823e-01
1.562500000000000000e+04 4.830707777777777379e-01
1.718800000000000000e+04 4.834283333333332378e-01
1.890600000000000000e+04 4.839251111111111947e-01
2.079700000000000000e+04 4.844980000000000397e-01
2.287700000000000000e+04 4.851929999999999854e-01
2.516400000000000000e+04 4.861772222222222051e-01
2.768100000000000000e+04 4.872024444444444380e-01
3.044900000000000000e+04 4.884597777777777150e-01
3.349300000000000000e+04 4.896076666666667188e-01
3.684300000000000000e+04 4.910510000000000708e-01
4.052700000000000000e+04 4.928528888888888959e-01
4.458000000000000000e+04 4.947711111111111060e-01
4.903800000000000000e+04 4.974808888888888614e-01
5.394100000000000000e+04 5.002139999999999365e-01
5.933500000000000000e+04 5.041483333333334205e-01
6.526900000000000000e+04 5.079754444444444239e-01
7.179600000000000000e+04 5.125203333333333555e-01
7.897500000000000000e+04 5.188975555555556118e-01
8.687300000000000000e+04 5.273832222222222255e-01
9.556000000000000000e+04 5.373464444444445709e-01
1.051160000000000000e+05 5.510273333333333134e-01
1.156270000000000000e+05 5.670726666666667803e-01
1.271900000000000000e+05 5.871185555555555879e-01
1.399090000000000000e+05 6.103888888888889808e-01
1.539000000000000000e+05 6.370655555555555516e-01
1.692900000000000000e+05 6.674364444444446098e-01
1.862190000000000000e+05 7.011953333333333926e-01
2.048410000000000000e+05 7.379090000000000371e-01
2.253250000000000000e+05 7.729992222222221709e-01
2.478570000000000000e+05 8.036478888888889394e-01
2.726430000000000000e+05 8.314477777777776746e-01
2.999070000000000000e+05 8.533534444444443867e-01
3.298970000000000000e+05 8.696905555555555223e-01
3.628870000000000000e+05 8.815012222222222693e-01
3.991760000000000000e+05 8.874009999999999954e-01
4.390930000000000000e+05 8.925075555555554985e-01
4.830030000000000000e+05 8.962573333333333503e-01
5.313030000000000000e+05 8.980669999999998376e-01
5.844330000000000000e+05 8.990768888888887034e-01
6.428760000000000000e+05 9.005566666666666720e-01
7.071640000000000000e+05 9.017937777777778052e-01
7.778800000000000000e+05 9.031728888888888029e-01
8.556680000000000000e+05 9.054196666666667337e-01
9.412350000000000000e+05 9.067082222222221377e-01
1.035358000000000000e+06 9.083003333333334872e-01
1.138894000000000000e+06 9.085701111111110784e-01
1.252783000000000000e+06 9.097422222222222299e-01
1.378062000000000000e+06 9.109442222222222663e-01
1.515868000000000000e+06 9.108663333333333334e-01
1.667455000000000000e+06 9.117959999999999399e-01
1.834200000000000000e+06 9.136452222222222197e-01
2.017620000000000000e+06 9.139696666666665692e-01
2.219382000000000000e+06 9.135385555555554093e-01
2.441320000000000000e+06 9.147314444444444304e-01
2.685452000000000000e+06 9.149468888888888651e-01
2.953997000000000000e+06 9.160550000000000637e-01
3.249397000000000000e+06 9.177075555555556097e-01
3.574336000000000000e+06 9.181644444444443387e-01
3.931770000000000000e+06 9.184085555555555613e-01
4.324947000000000000e+06 9.174767777777775857e-01
4.757442000000000000e+06 9.178356666666667163e-01
5.233186000000000000e+06 9.179121111111110398e-01
5.756504000000000000e+06 9.178324444444445618e-01
6.332155000000000000e+06 9.191865555555556178e-01
6.965370000000000000e+06 9.192678888888887734e-01
7.661907000000000000e+06 9.195622222222221698e-01
8.428098000000000000e+06 9.199966666666666848e-01
9.270907000000000000e+06 9.202801111111109655e-01
1.019799800000000000e+07 9.201834444444444427e-01
1.121779800000000000e+07 9.205105555555554986e-01
1.233957800000000000e+07 9.208965555555556071e-01
1.357353500000000000e+07 9.224451111111111601e-01
1.493088900000000000e+07 9.226308888888888893e-01
1.642397800000000000e+07 9.215055555555556888e-01
1.806637500000000000e+07 9.215373333333332084e-01
1.987301300000000000e+07 9.232527777777779221e-01
2.186031400000000000e+07 9.221193333333334019e-01
2.404634500000000000e+07 9.223307777777777217e-01
2.645098000000000000e+07 9.222428888888889453e-01
2.909607800000000000e+07 9.223401111111111383e-01
3.200568500000000000e+07 9.243716666666667026e-01
3.520625400000000000e+07 9.242175555555556254e-01
3.872687900000000000e+07 9.255173333333333030e-01
4.259956700000000000e+07 9.249051111111109558e-01
4.685952400000000000e+07 9.261548888888887499e-01
5.154547600000000000e+07 9.256817777777778256e-01
5.670002400000000000e+07 9.263559999999999572e-01
6.237002600000000000e+07 9.259956666666666614e-01
6.860702900000000000e+07 9.265255555555556022e-01
7.546773100000000000e+07 9.273957777777778189e-01
8.301450500000000000e+07 9.268699999999999717e-01
9.131595500000000000e+07 9.289161111111111646e-01
1.004475500000000000e+08 9.281981111111110572e-01
1.104923050000000000e+08 9.296336666666665804e-01
1.215415360000000000e+08 9.310855555555556107e-01
1.336956890000000000e+08 9.316253333333334163e-01
1.470652580000000000e+08 9.311402222222222580e-01
1.617717840000000000e+08 9.312515555555557212e-01
1.779489620000000000e+08 9.319222222222222074e-01
1.957438590000000000e+08 9.312320000000000597e-01
2.153182440000000000e+08 9.321220000000001171e-01
2.368500690000000000e+08 9.320229999999999349e-01
2.605350760000000000e+08 9.334991111111112794e-01
2.865885830000000000e+08 9.331775555555554824e-01
3.152474410000000000e+08 9.332637777777778032e-01
3.467721860000000000e+08 9.331833333333331426e-01
3.814494040000000000e+08 9.334055555555555994e-01
4.195943440000000000e+08 9.339111111111111363e-01
4.615537790000000000e+08 9.340825555555556381e-01
5.077091570000000000e+08 9.349116666666668074e-01
5.584800720000000000e+08 9.345855555555555583e-01
6.143280790000000000e+08 9.351690000000001390e-01
6.757608870000000000e+08 9.348255555555555762e-01
7.433369760000000000e+08 9.368605555555556963e-01
8.176706740000000000e+08 9.362091111111110475e-01
8.994377410000000000e+08 9.357117777777779200e-01
9.893815150000000000e+08 9.370506666666665874e-01
