1.000000000000000000e+02 1.691999999999999726e+00
1.110000000000000000e+02 1.796000000000000041e+00
1.220000000000000000e+02 1.892000000000000126e+00
1.340000000000000000e+02 1.991999999999999771e+00
1.470000000000000000e+02 2.085999999999999854e+00
1.620000000000000000e+02 2.172000000000000153e+00
1.780000000000000000e+02 2.276000000000000245e+00
1.950000000000000000e+02 2.378000000000000114e+00
2.150000000000000000e+02 2.475999999999999979e+00
2.360000000000000000e+02 2.585999999999999854e+00
2.600000000000000000e+02 2.713999999999999524e+00
2.860000000000000000e+02 2.835999999999999854e+00
3.140000000000000000e+02 2.953999999999999737e+00
3.460000000000000000e+02 3.092000000000000082e+00
3.800000000000000000e+02 3.217999999999999972e+00
4.180000000000000000e+02 3.338000000000000078e+00
4.600000000000000000e+02 3.517999999999999794e+00
5.060000000000000000e+02 3.684000000000000163e+00
5.560000000000000000e+02 3.856000000000000316e+00
6.120000000000000000e+02 4.037999999999999368e+00
6.730000000000000000e+02 4.225999999999999979e+00
7.410000000000000000e+02 4.443999999999999950e+00
8.150000000000000000e+02 4.644000000000000128e+00
8.960000000000000000e+02 4.874000000000000554e+00
9.850000000000000000e+02 5.084000000000000519e+00
1.084000000000000000e+03 5.326000000000000512e+00
1.192000000000000000e+03 5.626000000000000334e+00
1.311000000000000000e+03 5.852000000000000313e+00
1.443000000000000000e+03 6.101999999999999424e+00
1.587000000000000000e+03 6.379999999999999893e+00
1.745000000000000000e+03 6.671999999999999709e+00
1.920000000000000000e+03 7.016000000000000014e+00
2.112000000000000000e+03 7.317999999999999616e+00
2.323000000000000000e+03 7.628000000000000114e+00
2.555000000000000000e+03 7.995999999999999552e+00
2.811000000000000000e+03 8.410000000000000142e+00
3.092000000000000000e+03 8.701999999999999957e+00
3.401000000000000000e+03 9.051999999999999602e+00
3.741000000000000000e+03 9.402000000000001023e+00
4.115000000000000000e+03 9.789999999999999147e+00
4.526000000000000000e+03 1.026399999999999935e+01
4.979000000000000000e+03 1.076999999999999957e+01
5.477000000000000000e+03 1.119600000000000151e+01
6.025000000000000000e+03 1.160800000000000054e+01
6.627000000000000000e+03 1.206600000000000072e+01
7.290000000000000000e+03 1.259200000000000053e+01
8.018000000000000000e+03 1.309799999999999898e+01
8.820000000000000000e+03 1.364599999999999724e+01
9.702000000000000000e+03 1.413000000000000078e+01
1.067200000000000000e+04 1.470799999999999841e+01
1.174000000000000000e+04 1.527200000000000024e+01
1.291300000000000000e+04 1.583999999999999986e+01
1.420500000000000000e+04 1.648400000000000176e+01
1.562500000000000000e+04 1.711999999999999744e+01
1.718800000000000000e+04 1.758999999999999631e+01
1.890600000000000000e+04 1.810200000000000031e+01
2.079700000000000000e+04 1.881200000000000117e+01
2.287700000000000000e+04 1.933000000000000185e+01
2.516400000000000000e+04 1.987400000000000233e+01
2.768100000000000000e+04 2.058600000000000207e+01
3.044900000000000000e+04 2.123000000000000043e+01
3.349300000000000000e+04 2.190599999999999881e+01
3.684300000000000000e+04 2.266600000000000037e+01
4.052700000000000000e+04 2.332000000000000028e+01
4.458000000000000000e+04 2.389399999999999835e+01
4.903800000000000000e+04 2.447600000000000264e+01
5.394100000000000000e+04 2.521999999999999886e+01
5.933500000000000000e+04 2.593399999999999750e+01
6.526900000000000000e+04 2.654400000000000048e+01
7.179600000000000000e+04 2.715999999999999659e+01
7.897500000000000000e+04 2.779799999999999471e+01
8.687300000000000000e+04 2.844399999999999906e+01
9.556000000000000000e+04 2.877200000000000202e+01
1.051160000000000000e+05 2.936999999999999744e+01
1.156270000000000000e+05 2.987200000000000344e+01
1.271900000000000000e+05 3.058000000000000185e+01
1.399090000000000000e+05 3.091600000000000392e+01
1.539000000000000000e+05 3.119200000000000017e+01
1.692900000000000000e+05 3.159000000000000341e+01
1.862190000000000000e+05 3.207199999999999562e+01
2.048410000000000000e+05 3.239999999999999858e+01
2.253250000000000000e+05 3.289400000000000546e+01
2.478570000000000000e+05 3.313200000000000500e+01
2.726430000000000000e+05 3.297400000000000375e+01
2.999070000000000000e+05 3.339599999999999369e+01
3.298970000000000000e+05 3.357000000000000739e+01
3.628870000000000000e+05 3.399800000000000466e+01
3.991760000000000000e+05 3.377999999999999403e+01
4.390930000000000000e+05 3.410599999999999454e+01
4.830030000000000000e+05 3.391000000000000369e+01
5.313030000000000000e+05 3.396999999999999176e+01
5.844330000000000000e+05 3.423799999999999955e+01
6.428760000000000000e+05 3.390599999999999170e+01
7.071640000000000000e+05 3.406000000000000227e+01
7.778800000000000000e+05 3.410599999999999454e+01
8.556680000000000000e+05 3.424600000000000222e+01
9.412350000000000000e+05 3.399399999999999977e+01
1.035358000000000000e+06 3.371799999999999642e+01
1.138894000000000000e+06 3.348200000000000642e+01
1.252783000000000000e+06 3.329999999999999716e+01
1.378062000000000000e+06 3.338600000000000279e+01
1.515868000000000000e+06 3.332599999999999341e+01
1.667455000000000000e+06 3.317999999999999261e+01
1.834200000000000000e+06 3.279199999999999449e+01
2.017620000000000000e+06 3.296999999999999886e+01
2.219382000000000000e+06 3.252200000000000557e+01
2.441320000000000000e+06 3.226399999999999579e+01
2.685452000000000000e+06 3.196999999999999886e+01
2.953997000000000000e+06 3.127400000000000091e+01
3.249397000000000000e+06 3.078600000000000136e+01
3.574336000000000000e+06 3.036599999999999611e+01
3.931770000000000000e+06 3.032199999999999562e+01
4.324947000000000000e+06 3.007400000000000162e+01
4.757442000000000000e+06 2.944399999999999906e+01
5.233186000000000000e+06 2.918999999999999773e+01
5.756504000000000000e+06 2.905200000000000315e+01
6.332155000000000000e+06 2.877199999999999847e+01
6.965370000000000000e+06 2.833800000000000097e+01
7.661907000000000000e+06 2.791399999999999793e+01
8.428098000000000000e+06 2.782200000000000273e+01
9.270907000000000000e+06 2.742200000000000415e+01
1.019799800000000000e+07 2.733800000000000097e+01
1.121779800000000000e+07 2.689599999999999724e+01
1.233957800000000000e+07 2.692200000000000415e+01
1.357353500000000000e+07 2.641199999999999903e+01
1.493088900000000000e+07 2.629400000000000048e+01
1.642397800000000000e+07 2.613799999999999812e+01
1.806637500000000000e+07 2.556200000000000117e+01
1.987301300000000000e+07 2.550400000000000134e+01
2.186031400000000000e+07 2.534799999999999898e+01
2.404634500000000000e+07 2.468399999999999750e+01
2.645098000000000000e+07 2.411800000000000210e+01
2.909607800000000000e+07 2.422800000000000153e+01
3.200568500000000000e+07 2.376200000000000045e+01
3.520625400000000000e+07 2.356199999999999761e+01
3.872687900000000000e+07 2.362399999999999878e+01
4.259956700000000000e+07 2.334999999999999787e+01
4.685952400000000000e+07 2.291399999999999793e+01
5.154547600000000000e+07 2.226599999999999824e+01
5.670002400000000000e+07 2.235600000000000165e+01
6.237002600000000000e+07 2.178600000000000136e+01
6.860702900000000000e+07 2.222800000000000153e+01
7.546773100000000000e+07 2.165799999999999770e+01
8.301450500000000000e+07 2.144600000000000151e+01
9.131595500000000000e+07 2.133200000000000074e+01
1.004475500000000000e+08 2.089800000000000324e+01
1.104923050000000000e+08 2.095199999999999818e+01
1.215415360000000000e+08 2.069399999999999906e+01
1.336956890000000000e+08 2.033999999999999631e+01
1.470652580000000000e+08 2.016799999999999926e+01
1.617717840000000000e+08 2.053800000000000026e+01
1.779489620000000000e+08 2.006600000000000250e+01
1.957438590000000000e+08 2.008800000000000097e+01
2.153182440000000000e+08 1.974800000000000111e+01
2.368500690000000000e+08 1.984600000000000364e+01
2.605350760000000000e+08 1.966399999999999793e+01
2.865885830000000000e+08 1.941600000000000037e+01
3.152474410000000000e+08 1.935600000000000165e+01
3.467721860000000000e+08 1.936199999999999832e+01
3.814494040000000000e+08 1.907400000000000162e+01
4.195943440000000000e+08 1.917399999999999949e+01
4.615537790000000000e+08 1.861999999999999744e+01
5.077091570000000000e+08 1.837200000000000344e+01
5.584800720000000000e+08 1.843199999999999861e+01
6.143280790000000000e+08 1.827999999999999758e+01
6.757608870000000000e+08 1.845599999999999952e+01
7.433369760000000000e+08 1.811599999999999966e+01
8.176706740000000000e+08 1.768999999999999773e+01
8.994377410000000000e+08 1.730799999999999983e+01
9.893815150000000000e+08 1.700400000000000134e+01
