0.000000000000000000e+00 3.318132004607405455e-02
0.000000000000000000e+00 3.091924966748058404e-02
0.000000000000000000e+00 3.544009029333865246e-02
0.000000000000000000e+00 3.257299494980466642e-02
0.000000000000000000e+00 3.666060555964677919e-02
0.000000000000000000e+00 3.832753579347358136e-02
0.000000000000000000e+00 3.827531841800924789e-02
0.000000000000000000e+00 4.920365840057024792e-02
0.000000000000000000e+00 6.594694837519020358e-02
0.000000000000000000e+00 5.514526271584896389e-02
0.000000000000000000e+00 5.713142742834270704e-02
0.000000000000000000e+00 6.833008122342615343e-02
0.000000000000000000e+00 7.717512552629889055e-02
0.000000000000000000e+00 7.803204469959762468e-02
0.000000000000000000e+00 7.772387020729219775e-02
0.000000000000000000e+00 7.576938695805852941e-02
0.000000000000000000e+00 7.877182237323193670e-02
0.000000000000000000e+00 6.606814663663573839e-02
0.000000000000000000e+00 7.592101158440921205e-02
0.000000000000000000e+00 8.309632964216903672e-02
0.000000000000000000e+00 9.064215354899711474e-02
0.000000000000000000e+00 1.020245068598716887e-01
0.000000000000000000e+00 1.053992409839842048e-01
0.000000000000000000e+00 9.924212815130463439e-02
0.000000000000000000e+00 7.735631842325502161e-02
0.000000000000000000e+00 6.523802572120045162e-02
0.000000000000000000e+00 5.855766388782936843e-02
0.000000000000000000e+00 6.785278181474956039e-02
0.000000000000000000e+00 7.088018058667745758e-02
0.000000000000000000e+00 8.494704232638131125e-02
0.000000000000000000e+00 9.613012014972216468e-02
0.000000000000000000e+00 1.229186723000212644e-01
0.000000000000000000e+00 1.420739244196485285e-01
0.000000000000000000e+00 1.458080930538493414e-01
0.000000000000000000e+00 1.356318546654877999e-01
0.000000000000000000e+00 1.614187101918484191e-01
0.000000000000000000e+00 1.653602128687549355e-01
0.000000000000000000e+00 1.652150114245072299e-01
0.000000000000000000e+00 1.845968580447673590e-01
0.000000000000000000e+00 2.140303716765451780e-01
0.000000000000000000e+00 2.014075470284067970e-01
0.000000000000000000e+00 2.523885892824790922e-01
0.000000000000000000e+00 2.366199484405317743e-01
0.000000000000000000e+00 2.478326047960601464e-01
0.000000000000000000e+00 2.486282365299642971e-01
0.000000000000000000e+00 2.680969973722195920e-01
0.000000000000000000e+00 2.771443667116474385e-01
0.000000000000000000e+00 2.611053427258814286e-01
0.000000000000000000e+00 2.563610734881562880e-01
0.000000000000000000e+00 2.625052380429770404e-01
0.000000000000000000e+00 2.319568925468696585e-01
0.000000000000000000e+00 2.548509368238616735e-01
0.000000000000000000e+00 2.671778433927492480e-01
0.000000000000000000e+00 2.590675587563979199e-01
0.000000000000000000e+00 2.252753870266345215e-01
0.000000000000000000e+00 2.073185954033063272e-01
0.000000000000000000e+00 2.427364826308558432e-01
0.000000000000000000e+00 2.007585614612734659e-01
0.000000000000000000e+00 2.081850138698749242e-01
0.000000000000000000e+00 1.880531839666644278e-01
0.000000000000000000e+00 2.013082213919737962e-01
0.000000000000000000e+00 2.226679141681621454e-01
0.000000000000000000e+00 2.293490789168330934e-01
0.000000000000000000e+00 2.772363612515502673e-01
0.000000000000000000e+00 3.036708744677368843e-01
0.000000000000000000e+00 2.570389075607037999e-01
0.000000000000000000e+00 2.567800615312651469e-01
0.000000000000000000e+00 2.938179708595096695e-01
0.000000000000000000e+00 3.328738499792381900e-01
0.000000000000000000e+00 3.260199380406058056e-01
0.000000000000000000e+00 3.034073169849401119e-01
0.000000000000000000e+00 3.108713560301098466e-01
0.000000000000000000e+00 3.198124450361496951e-01
0.000000000000000000e+00 3.118717685203336587e-01
0.000000000000000000e+00 3.598402423298428521e-01
0.000000000000000000e+00 4.110523081068880868e-01
0.000000000000000000e+00 3.912556708854190712e-01
0.000000000000000000e+00 2.867751732629584827e-01
0.000000000000000000e+00 2.465461417260467469e-01
0.000000000000000000e+00 3.128514024261366266e-01
0.000000000000000000e+00 3.343964712732483968e-01
0.000000000000000000e+00 2.999349929568081996e-01
0.000000000000000000e+00 3.095948965987647683e-01
0.000000000000000000e+00 2.847121353226796936e-01
0.000000000000000000e+00 3.229612979909504134e-01
0.000000000000000000e+00 3.069462493662360458e-01
0.000000000000000000e+00 2.653318676676432175e-01
0.000000000000000000e+00 2.374468361549580686e-01
0.000000000000000000e+00 2.520317440323714964e-01
0.000000000000000000e+00 3.359776778299388700e-01
0.000000000000000000e+00 3.902678567343211280e-01
0.000000000000000000e+00 4.167985124733530888e-01
0.000000000000000000e+00 4.705539288965718270e-01
0.000000000000000000e+00 4.602662273076293387e-01
0.000000000000000000e+00 4.434241761564198803e-01
0.000000000000000000e+00 3.342214834507197252e-01
0.000000000000000000e+00 3.566917436667136343e-01
0.000000000000000000e+00 3.484020665839973607e-01
0.000000000000000000e+00 3.683761664386021595e-01
0.000000000000000000e+00 3.371779945370096954e-01
0.000000000000000000e+00 3.243393284817628341e-01
0.000000000000000000e+00 3.086178867142979620e-01
0.000000000000000000e+00 1.944633641589070538e-01
0.000000000000000000e+00 1.886160120456374933e-01
0.000000000000000000e+00 1.567832899259370971e-01
0.000000000000000000e+00 1.447100549374513156e-01
0.000000000000000000e+00 1.695995283012305677e-01
0.000000000000000000e+00 2.022275945562322930e-01
0.000000000000000000e+00 2.000599910026988892e-01
0.000000000000000000e+00 1.718604084715284752e-01
0.000000000000000000e+00 1.950410213262829817e-01
0.000000000000000000e+00 2.082690567511163715e-01
0.000000000000000000e+00 2.173959521242282977e-01
0.000000000000000000e+00 2.415553766737573715e-01
0.000000000000000000e+00 2.062256046178568003e-01
0.000000000000000000e+00 2.410414902044861196e-01
0.000000000000000000e+00 2.632869157402243365e-01
0.000000000000000000e+00 2.825668062600443786e-01
0.000000000000000000e+00 2.781528356857051465e-01
0.000000000000000000e+00 2.783235527223670291e-01
0.000000000000000000e+00 3.215027216058971016e-01
0.000000000000000000e+00 3.889215859270347964e-01
0.000000000000000000e+00 3.772850381343002546e-01
0.000000000000000000e+00 4.022685670046811657e-01
0.000000000000000000e+00 3.255779476561633801e-01
0.000000000000000000e+00 2.976642403783180124e-01
0.000000000000000000e+00 2.940221080123074371e-01
0.000000000000000000e+00 2.976911150840749753e-01
0.000000000000000000e+00 2.788709378906301106e-01
0.000000000000000000e+00 2.596613178738809702e-01
0.000000000000000000e+00 2.266473030944748390e-01
0.000000000000000000e+00 2.395015657568851652e-01
0.000000000000000000e+00 2.448999795835039295e-01
0.000000000000000000e+00 2.192715211786536722e-01
0.000000000000000000e+00 2.410165969388848584e-01
0.000000000000000000e+00 2.170622030663094115e-01
0.000000000000000000e+00 2.099261775005693831e-01
0.000000000000000000e+00 2.216393466873565754e-01
0.000000000000000000e+00 2.532271707380545078e-01
0.000000000000000000e+00 2.432796744489767737e-01
0.000000000000000000e+00 2.639772717489140552e-01
0.000000000000000000e+00 2.664657576500219505e-01
0.000000000000000000e+00 2.688215021161837748e-01
0.000000000000000000e+00 2.574800963181452795e-01
0.000000000000000000e+00 2.401770180512790842e-01
0.000000000000000000e+00 2.374468361549557927e-01
0.000000000000000000e+00 2.413627974647254704e-01
0.000000000000000000e+00 2.378234639391122729e-01
0.000000000000000000e+00 2.532903472302095449e-01
0.000000000000000000e+00 2.692508124407403391e-01
0.000000000000000000e+00 2.875152169885902276e-01
0.000000000000000000e+00 2.515233587561976347e-01
0.000000000000000000e+00 2.641287564806175103e-01
0.000000000000000000e+00 2.544818264631121818e-01
0.000000000000000000e+00 2.694605722550126869e-01
0.000000000000000000e+00 2.927131701854249202e-01
0.000000000000000000e+00 2.840440106744017146e-01
0.000000000000000000e+00 2.389058391919318125e-01
0.000000000000000000e+00 2.391422171010365305e-01
0.000000000000000000e+00 2.464163143949717749e-01
0.000000000000000000e+00 2.700759152534724650e-01
0.000000000000000000e+00 2.516922724280535872e-01
0.000000000000000000e+00 2.571867026111581134e-01
0.000000000000000000e+00 2.687917409445477190e-01
0.000000000000000000e+00 2.529347742007815869e-01
0.000000000000000000e+00 2.399499947905854025e-01
0.000000000000000000e+00 2.608620324999419982e-01
0.000000000000000000e+00 2.629828891772226229e-01
0.000000000000000000e+00 2.555464732685638896e-01
0.000000000000000000e+00 2.520396794157617193e-01
