100 0.004520
111 0.003963
122 0.003429
134 0.002879
147 0.002150
162 0.002082
178 0.001575
195 0.001575
215 0.001278
236 0.000796
260 0.000397
286 0.000000
314 0.000000
346 0.000000
380 0.000169
418 0.000394
460 0.000394
506 0.000394
556 0.000394
612 0.000345
673 0.000345
741 0.000169
815 0.000068
896 0.000068
985 0.000068
1084 0.000149
1192 0.000242
1311 0.000230
1443 0.000271
1587 0.000339
1745 0.000485
1920 0.000926
2112 0.000918
2323 0.001449
2555 0.001303
2811 0.001557
3092 0.001725
3401 0.001743
3741 0.001901
4115 0.002145
4526 0.002313
4979 0.002529
5477 0.002432
6025 0.002903
6627 0.002893
7290 0.003086
8018 0.003983
8820 0.004613
9702 0.005473
10672 0.006957
11740 0.009063
12913 0.011640
14205 0.012399
15625 0.016374
17188 0.019943
18906 0.025880
20797 0.032767
22877 0.048671
25164 0.056725
27681 0.080874
30449 0.107032
33493 0.153065
36843 0.204756
40527 0.250481
44580 0.315010
49038 0.388007
53941 0.441332
59335 0.512559
65269 0.565874
71796 0.615365
78975 0.665167
86873 0.722921
95560 0.752398
105116 0.787066
115627 0.804160
127190 0.822197
139909 0.833611
153900 0.853710
169290 0.872594
186219 0.875141
204841 0.879085
225325 0.878192
247857 0.895121
272643 0.894636
299907 0.900715
329897 0.907720
362887 0.907547
399176 0.914790
439093 0.927527
483003 0.925177
531303 0.929742
584433 0.931214
642876 0.931644
707164 0.938031
777880 0.934687
855668 0.941457
941235 0.942008
1035358 0.947586
1138894 0.949442
1252783 0.951471
1378062 0.953113
1515868 0.951598
1667455 0.954807
1834200 0.957935
2017620 0.955838
2219382 0.956443
2441320 0.958232
2685452 0.960321
2953997 0.961138
3249397 0.963787
3574336 0.962107
3931770 0.964166
4324947 0.962824
4757442 0.965898
5233186 0.965960
5756504 0.966906
6332155 0.966675
6965370 0.968672
7661907 0.969330
8428098 0.968893
9270907 0.970501
10197998 0.971687
11217798 0.971237
12339578 0.972966
13573535 0.970924
14930889 0.972458
16423978 0.972817
18066375 0.971874
19873013 0.972422
21860314 0.972862
24046345 0.975560
26450980 0.973910
29096078 0.974068
32005685 0.974350
35206254 0.973824
38726879 0.975324
42599567 0.974329
46859524 0.973945
51545476 0.974519
56700024 0.973330
62370026 0.975774
68607029 0.973529
75467731 0.974465
83014505 0.975189
91315955 0.975116
100447550 0.975600
110492305 0.975595
121541536 0.976682
133695689 0.977070
147065258 0.976076
161771784 0.974591
177948962 0.976634
195743859 0.975573
215318244 0.975150
236850069 0.975487
260535076 0.976162
286588583 0.976932
315247441 0.974556
346772186 0.976197
381449404 0.976417
419594344 0.975617
461553779 0.977542
507709157 0.977148
558480072 0.976139
614328079 0.976442
675760887 0.976389
743336976 0.978447
817670674 0.977401
899437741 0.976127
989381515 0.977001
100 0.483584
111 0.483584
122 0.483584
134 0.483584
147 0.483584
162 0.483584
178 0.483584
195 0.483584
215 0.483584
236 0.483584
260 0.483584
286 0.483586
314 0.483586
346 0.483586
380 0.483586
418 0.483588
460 0.483588
506 0.483588
556 0.483593
612 0.483595
673 0.483619
741 0.483633
815 0.483637
896 0.483600
985 0.483567
1084 0.483578
1192 0.483578
1311 0.483537
1443 0.483497
1587 0.483558
1745 0.483575
1920 0.483618
2112 0.483629
2323 0.483684
2555 0.483699
2811 0.483714
3092 0.483724
3401 0.483779
3741 0.483997
4115 0.484110
4526 0.484061
4979 0.484128
5477 0.484156
6025 0.484273
6627 0.484267
7290 0.484290
8018 0.484548
8820 0.484877
9702 0.484972
10672 0.485214
11740 0.485193
12913 0.485277
14205 0.485596
15625 0.485910
17188 0.486300
18906 0.486817
20797 0.487327
22877 0.488054
25164 0.489211
27681 0.490242
30449 0.491697
33493 0.493390
36843 0.494953
40527 0.496885
44580 0.498936
49038 0.501745
53941 0.505624
59335 0.509624
65269 0.513512
71796 0.520211
78975 0.527027
86873 0.534792
95560 0.547112
105116 0.559991
115627 0.575766
127190 0.592136
139909 0.610500
153900 0.629515
169290 0.659758
186219 0.687347
204841 0.724265
225325 0.755735
247857 0.782303
272643 0.808425
299907 0.834140
329897 0.852973
362887 0.864305
399176 0.872139
439093 0.878408
483003 0.882756
531303 0.885672
584433 0.884802
642876 0.885231
707164 0.885841
777880 0.890522
855668 0.895796
941235 0.899301
1035358 0.909357
1138894 0.906991
1252783 0.906747
1378062 0.910591
1515868 0.910677
1667455 0.912191
1834200 0.914966
2017620 0.921315
2219382 0.920479
2441320 0.920630
2685452 0.922318
2953997 0.921862
3249397 0.921319
3574336 0.923444
3931770 0.923547
4324947 0.921264
4757442 0.922002
5233186 0.920004
5756504 0.923720
6332155 0.929362
6965370 0.929349
7661907 0.929428
8428098 0.930235
9270907 0.928774
10197998 0.930660
11217798 0.928775
12339578 0.928977
13573535 0.930278
14930889 0.929832
16423978 0.928728
18066375 0.929456
19873013 0.929624
21860314 0.929424
24046345 0.932029
26450980 0.928702
29096078 0.929652
32005685 0.930967
35206254 0.928971
38726879 0.937389
42599567 0.935263
46859524 0.938003
51545476 0.935698
56700024 0.935351
62370026 0.937184
68607029 0.935921
75467731 0.937131
83014505 0.937272
91315955 0.936811
100447550 0.937255
110492305 0.938676
121541536 0.944299
133695689 0.944679
147065258 0.945254
161771784 0.943033
177948962 0.945421
195743859 0.948427
215318244 0.947352
236850069 0.945135
260535076 0.948469
286588583 0.949182
315247441 0.948838
346772186 0.948079
381449404 0.946824
419594344 0.947179
461553779 0.947427
507709157 0.949027
558480072 0.946924
614328079 0.949219
675760887 0.947966
743336976 0.948245
817670674 0.949431
899437741 0.947309
989381515 0.946555
