100 0.002969
111 0.002327
122 0.001790
134 0.001245
147 0.001245
162 0.000732
178 0.001129
195 0.000913
215 0.000913
236 0.000781
260 0.001189
286 0.001189
314 0.000781
346 0.000686
380 0.000277
418 0.000000
460 0.000000
506 0.000000
556 0.000000
612 0.000087
673 0.000142
741 0.000056
815 0.000056
896 0.000056
985 0.000293
1084 0.000165
1192 0.000333
1311 0.000333
1443 0.000801
1587 0.000771
1745 0.000891
1920 0.000598
2112 0.000843
2323 0.001060
2555 0.001417
2811 0.001800
3092 0.002592
3401 0.002598
3741 0.002733
4115 0.003132
4526 0.003273
4979 0.003105
5477 0.004104
6025 0.004233
6627 0.006100
7290 0.006879
8018 0.009692
8820 0.010250
9702 0.011150
10672 0.011783
11740 0.017891
12913 0.020917
14205 0.024692
15625 0.031224
17188 0.041823
18906 0.081963
20797 0.102478
22877 0.162220
25164 0.270205
27681 0.392876
30449 0.500263
33493 0.591178
36843 0.667876
40527 0.763992
44580 0.777858
49038 0.813403
53941 0.829024
59335 0.856257
65269 0.855320
71796 0.874712
78975 0.878854
86873 0.882421
95560 0.886853
105116 0.892629
115627 0.899957
127190 0.897524
139909 0.901956
153900 0.902410
169290 0.906342
186219 0.899838
204841 0.898603
225325 0.911442
247857 0.908836
272643 0.908403
299907 0.912725
329897 0.911469
362887 0.918363
399176 0.913831
439093 0.912095
483003 0.919723
531303 0.923605
584433 0.920393
642876 0.920135
707164 0.922126
777880 0.920393
855668 0.924699
941235 0.917120
1035358 0.932222
1138894 0.921271
1252783 0.927209
1378062 0.926973
1515868 0.929328
1667455 0.928442
1834200 0.931602
2017620 0.929424
2219382 0.932355
2441320 0.922258
2685452 0.931385
2953997 0.927773
3249397 0.930655
3574336 0.933363
3931770 0.932961
4324947 0.937401
4757442 0.936193
5233186 0.928288
5756504 0.934232
6332155 0.937132
6965370 0.931801
7661907 0.931706
8428098 0.932633
9270907 0.924789
10197998 0.927681
11217798 0.935539
12339578 0.932655
13573535 0.929011
14930889 0.929752
16423978 0.940122
18066375 0.935960
19873013 0.933395
21860314 0.931634
24046345 0.934786
26450980 0.933537
29096078 0.938285
32005685 0.935550
35206254 0.936538
38726879 0.930920
42599567 0.936762
46859524 0.933039
51545476 0.928903
56700024 0.940758
62370026 0.935217
68607029 0.940904
75467731 0.934081
83014505 0.937826
91315955 0.938690
100447550 0.928077
110492305 0.935494
121541536 0.933232
133695689 0.933061
147065258 0.933178
161771784 0.940501
177948962 0.932890
195743859 0.939829
215318244 0.932610
236850069 0.941956
260535076 0.933088
286588583 0.933824
315247441 0.939717
346772186 0.938236
381449404 0.937045
419594344 0.937838
461553779 0.937545
507709157 0.933470
558480072 0.935144
614328079 0.934245
675760887 0.935195
743336976 0.938970
817670674 0.929263
899437741 0.933607
989381515 0.939161
100 0.465593
111 0.464079
122 0.464103
134 0.462434
147 0.462424
162 0.462424
178 0.462424
195 0.461352
215 0.458516
236 0.455408
260 0.451052
286 0.451052
314 0.449896
346 0.443779
380 0.441736
418 0.441159
460 0.438081
506 0.437265
556 0.434465
612 0.433748
673 0.430314
741 0.424588
815 0.420417
896 0.413891
985 0.410134
1084 0.402443
1192 0.395124
1311 0.391057
1443 0.387795
1587 0.382677
1745 0.377562
1920 0.369790
2112 0.362780
2323 0.355767
2555 0.355135
2811 0.348238
3092 0.344650
3401 0.343010
3741 0.341695
4115 0.335687
4526 0.332167
4979 0.329961
5477 0.330295
6025 0.324930
6627 0.327651
7290 0.337545
8018 0.345326
8820 0.356331
9702 0.366248
10672 0.371828
11740 0.381239
12913 0.390613
14205 0.408629
15625 0.434413
17188 0.460110
18906 0.503472
20797 0.534750
22877 0.569212
25164 0.588476
27681 0.622562
30449 0.652330
33493 0.686412
36843 0.699257
40527 0.726329
44580 0.741158
49038 0.750530
53941 0.749446
59335 0.765856
65269 0.777634
71796 0.785520
78975 0.785309
86873 0.791777
95560 0.796397
105116 0.807497
115627 0.813570
127190 0.819417
139909 0.813632
153900 0.820867
169290 0.830575
186219 0.837256
204841 0.843722
225325 0.854441
247857 0.854337
272643 0.854773
299907 0.858295
329897 0.857059
362887 0.860547
399176 0.851252
439093 0.859260
483003 0.859648
531303 0.862752
584433 0.864522
642876 0.862460
707164 0.863962
777880 0.869052
855668 0.876107
941235 0.875081
1035358 0.875176
1138894 0.877123
1252783 0.875815
1378062 0.879718
1515868 0.882390
1667455 0.874267
1834200 0.885662
2017620 0.876370
2219382 0.878900
2441320 0.879331
2685452 0.882996
2953997 0.881511
3249397 0.878940
3574336 0.883088
3931770 0.880449
4324947 0.879659
4757442 0.884134
5233186 0.885864
5756504 0.886636
6332155 0.884073
6965370 0.889106
7661907 0.889379
8428098 0.886143
9270907 0.886351
10197998 0.886188
11217798 0.883821
12339578 0.888355
13573535 0.887803
14930889 0.888562
16423978 0.891206
18066375 0.884008
19873013 0.885563
21860314 0.889593
24046345 0.889621
26450980 0.888218
29096078 0.888515
32005685 0.885844
35206254 0.888865
38726879 0.891058
42599567 0.891884
46859524 0.889573
51545476 0.894295
56700024 0.888199
62370026 0.887597
68607029 0.889044
75467731 0.892949
83014505 0.892038
91315955 0.889538
100447550 0.894331
110492305 0.893894
121541536 0.891181
133695689 0.894240
147065258 0.890634
161771784 0.889475
177948962 0.890766
195743859 0.896966
215318244 0.895707
236850069 0.894335
260535076 0.888055
286588583 0.896231
315247441 0.896242
346772186 0.893672
381449404 0.893214
419594344 0.895511
461553779 0.891224
507709157 0.894536
558480072 0.892642
614328079 0.889419
675760887 0.897377
743336976 0.886329
817670674 0.895474
899437741 0.896593
989381515 0.892527
