100 0.001412
111 0.001182
122 0.000985
134 0.000821
147 0.000898
162 0.000944
178 0.000944
195 0.000867
215 0.000687
236 0.000687
260 0.000687
286 0.000687
314 0.000457
346 0.000384
380 0.000320
418 0.000192
460 0.000192
506 0.000000
556 0.000000
612 0.000041
673 0.000041
741 0.000041
815 0.000041
896 0.000041
985 0.000212
1084 0.000212
1192 0.000143
1311 0.000281
1443 0.000281
1587 0.000241
1745 0.000382
1920 0.000212
2112 0.000184
2323 0.000142
2555 0.000489
2811 0.000444
3092 0.000474
3401 0.000721
3741 0.000909
4115 0.000558
4526 0.000631
4979 0.000950
5477 0.001000
6025 0.000931
6627 0.001083
7290 0.001452
8018 0.001702
8820 0.001925
9702 0.002364
10672 0.002372
11740 0.002859
12913 0.003323
14205 0.003175
15625 0.003373
17188 0.003513
18906 0.004283
20797 0.005313
22877 0.008205
25164 0.010369
27681 0.013185
30449 0.023291
33493 0.035309
36843 0.048724
40527 0.078449
44580 0.110045
49038 0.148020
53941 0.183837
59335 0.229036
65269 0.276888
71796 0.313737
78975 0.337364
86873 0.364591
95560 0.375757
105116 0.390856
115627 0.393106
127190 0.402535
139909 0.405680
153900 0.411515
169290 0.413364
186219 0.418080
204841 0.423924
225325 0.428481
247857 0.432678
272643 0.432104
299907 0.431392
329897 0.441366
362887 0.441331
399176 0.451279
439093 0.450693
483003 0.457391
531303 0.458613
584433 0.458029
642876 0.460507
707164 0.459906
777880 0.461680
855668 0.466669
941235 0.463718
1035358 0.468658
1138894 0.469240
1252783 0.467852
1378062 0.468378
1515868 0.470136
1667455 0.472441
1834200 0.471629
2017620 0.474205
2219382 0.472615
2441320 0.473446
2685452 0.474562
2953997 0.475744
3249397 0.474430
3574336 0.477029
3931770 0.475701
4324947 0.476755
4757442 0.476758
5233186 0.475203
5756504 0.477511
6332155 0.476780
6965370 0.476796
7661907 0.475634
8428098 0.478911
9270907 0.477302
10197998 0.478572
11217798 0.477547
12339578 0.480183
13573535 0.479883
14930889 0.479212
16423978 0.478456
18066375 0.480481
19873013 0.478801
21860314 0.479474
24046345 0.480933
26450980 0.480190
29096078 0.480009
32005685 0.479751
35206254 0.479239
38726879 0.481057
42599567 0.481677
46859524 0.481397
51545476 0.481345
56700024 0.481567
62370026 0.480963
68607029 0.480971
75467731 0.481986
83014505 0.482141
91315955 0.481935
100447550 0.481920
110492305 0.481521
121541536 0.481908
133695689 0.482161
147065258 0.480969
161771784 0.482204
177948962 0.481205
195743859 0.482092
215318244 0.482706
236850069 0.482909
260535076 0.481896
286588583 0.481821
315247441 0.482439
346772186 0.483404
381449404 0.482048
419594344 0.482901
461553779 0.482827
507709157 0.482467
558480072 0.482523
614328079 0.482031
675760887 0.483042
743336976 0.481976
817670674 0.483236
899437741 0.482062
989381515 0.482815
100 0.484838
111 0.484838
122 0.484838
134 0.484547
147 0.484547
162 0.484557
178 0.484557
195 0.484557
215 0.484330
236 0.484330
260 0.484330
286 0.484337
314 0.484337
346 0.484093
380 0.484093
418 0.483851
460 0.483820
506 0.483829
556 0.483908
612 0.483908
673 0.483639
741 0.483660
815 0.483367
896 0.483560
985 0.483566
1084 0.483614
1192 0.483352
1311 0.483096
1443 0.482192
1587 0.481775
1745 0.481625
1920 0.480893
2112 0.480886
2323 0.479755
2555 0.478519
2811 0.477375
3092 0.477497
3401 0.476987
3741 0.475881
4115 0.474578
4526 0.473364
4979 0.472803
5477 0.472027
6025 0.469819
6627 0.468306
7290 0.467814
8018 0.465573
8820 0.465371
9702 0.467573
10672 0.468029
11740 0.470349
12913 0.476027
14205 0.480452
15625 0.483422
17188 0.494605
18906 0.501126
20797 0.516452
22877 0.529987
25164 0.536789
27681 0.554166
30449 0.571297
33493 0.598878
36843 0.609402
40527 0.632990
44580 0.657673
49038 0.676485
53941 0.696895
59335 0.719151
65269 0.730937
71796 0.740652
78975 0.751746
86873 0.762581
95560 0.767935
105116 0.782559
115627 0.793340
127190 0.803856
139909 0.803833
153900 0.819414
169290 0.821983
186219 0.828874
204841 0.826917
225325 0.842424
247857 0.839825
272643 0.845460
299907 0.844858
329897 0.850710
362887 0.857725
399176 0.860586
439093 0.866131
483003 0.867501
531303 0.877924
584433 0.877901
642876 0.881662
707164 0.886182
777880 0.886328
855668 0.889015
941235 0.893971
1035358 0.894991
1138894 0.898577
1252783 0.904043
1378062 0.902555
1515868 0.909624
1667455 0.912904
1834200 0.916381
2017620 0.915403
2219382 0.916972
2441320 0.916992
2685452 0.920329
2953997 0.921455
3249397 0.924465
3574336 0.927148
3931770 0.926978
4324947 0.930331
4757442 0.931298
5233186 0.929191
5756504 0.932071
6332155 0.931710
6965370 0.934842
7661907 0.935886
8428098 0.936467
9270907 0.936337
10197998 0.939647
11217798 0.937638
12339578 0.939317
13573535 0.938040
14930889 0.942277
16423978 0.941140
18066375 0.941773
19873013 0.941142
21860314 0.941536
24046345 0.942667
26450980 0.941541
29096078 0.942772
32005685 0.942627
35206254 0.941322
38726879 0.946209
42599567 0.944744
46859524 0.946185
51545476 0.943482
56700024 0.943835
62370026 0.947330
68607029 0.949496
75467731 0.948237
83014505 0.949334
91315955 0.949396
100447550 0.949888
110492305 0.951403
121541536 0.951795
133695689 0.951945
147065258 0.951044
161771784 0.950847
177948962 0.950858
195743859 0.952002
215318244 0.951580
236850069 0.955227
260535076 0.955878
286588583 0.954777
315247441 0.957081
346772186 0.955242
381449404 0.956677
419594344 0.953446
461553779 0.957357
507709157 0.956098
558480072 0.955954
614328079 0.956521
675760887 0.954647
743336976 0.955646
817670674 0.956159
899437741 0.955925
989381515 0.956464
