100 0.002541
111 0.002666
122 0.002685
134 0.002268
147 0.002242
162 0.002153
178 0.001612
195 0.001592
215 0.001324
236 0.001324
260 0.000793
286 0.000705
314 0.000705
346 0.000427
380 0.000535
418 0.000433
460 0.000214
506 0.000214
556 0.000214
612 0.000185
673 0.000185
741 0.000354
815 0.000434
896 0.000462
985 0.000264
1084 0.000423
1192 0.000383
1311 0.000571
1443 0.000464
1587 0.000756
1745 0.000695
1920 0.000794
2112 0.000778
2323 0.000993
2555 0.001336
2811 0.000839
3092 0.001053
3401 0.001477
3741 0.001558
4115 0.001709
4526 0.001828
4979 0.002548
5477 0.003229
6025 0.003852
6627 0.003558
7290 0.004594
8018 0.004946
8820 0.005891
9702 0.007490
10672 0.009103
11740 0.011622
12913 0.016714
14205 0.019078
15625 0.023045
17188 0.031644
18906 0.038526
20797 0.057419
22877 0.080738
25164 0.119750
27681 0.176504
30449 0.263927
33493 0.352463
36843 0.439036
40527 0.511853
44580 0.567974
49038 0.623271
53941 0.685312
59335 0.732960
65269 0.765063
71796 0.787087
78975 0.791217
86873 0.811657
95560 0.816642
105116 0.821743
115627 0.826920
127190 0.828438
139909 0.820361
153900 0.831388
169290 0.831324
186219 0.837493
204841 0.832929
225325 0.838365
247857 0.853300
272643 0.863479
299907 0.870499
329897 0.863948
362887 0.867688
399176 0.868296
439093 0.868908
483003 0.880373
531303 0.873919
584433 0.875139
642876 0.875588
707164 0.879470
777880 0.880543
855668 0.885311
941235 0.884614
1035358 0.879206
1138894 0.883891
1252783 0.891233
1378062 0.891446
1515868 0.885714
1667455 0.890780
1834200 0.883217
2017620 0.891105
2219382 0.892410
2441320 0.888865
2685452 0.891855
2953997 0.888207
3249397 0.891565
3574336 0.887975
3931770 0.887038
4324947 0.892223
4757442 0.905190
5233186 0.905854
5756504 0.904035
6332155 0.904970
6965370 0.907332
7661907 0.902022
8428098 0.905172
9270907 0.905544
10197998 0.909447
11217798 0.909877
12339578 0.909630
13573535 0.904664
14930889 0.906881
16423978 0.911179
18066375 0.904013
19873013 0.911603
21860314 0.904718
24046345 0.911914
26450980 0.900961
29096078 0.905228
32005685 0.906868
35206254 0.913283
38726879 0.910694
42599567 0.906656
46859524 0.913945
51545476 0.910436
56700024 0.913004
62370026 0.911223
68607029 0.908239
75467731 0.908410
83014505 0.912275
91315955 0.905977
100447550 0.908803
110492305 0.914169
121541536 0.910160
133695689 0.915370
147065258 0.913073
161771784 0.905188
177948962 0.905454
195743859 0.906966
215318244 0.908385
236850069 0.912677
260535076 0.914108
286588583 0.909255
315247441 0.913521
346772186 0.913376
381449404 0.903229
419594344 0.917729
461553779 0.912848
507709157 0.912299
558480072 0.913157
614328079 0.909521
675760887 0.908642
743336976 0.907752
817670674 0.908734
899437741 0.908654
989381515 0.915129
100 0.451515
111 0.451515
122 0.451515
134 0.451515
147 0.451515
162 0.451515
178 0.451518
195 0.451452
215 0.451452
236 0.451452
260 0.451452
286 0.451451
314 0.451436
346 0.451459
380 0.451325
418 0.451325
460 0.451299
506 0.451309
556 0.451309
612 0.451280
673 0.451025
741 0.451065
815 0.450929
896 0.450927
985 0.451196
1084 0.451236
1192 0.451520
1311 0.451729
1443 0.452414
1587 0.452466
1745 0.452398
1920 0.452529
2112 0.453226
2323 0.453936
2555 0.454219
2811 0.454787
3092 0.455127
3401 0.455159
3741 0.455307
4115 0.457229
4526 0.457584
4979 0.458840
5477 0.459037
6025 0.460296
6627 0.462177
7290 0.463388
8018 0.467482
8820 0.468495
9702 0.470969
10672 0.472974
11740 0.479500
12913 0.483461
14205 0.493580
15625 0.502466
17188 0.515723
18906 0.525587
20797 0.539763
22877 0.556664
25164 0.578931
27681 0.597117
30449 0.619617
33493 0.646204
36843 0.671951
40527 0.702889
44580 0.731269
49038 0.756289
53941 0.783641
59335 0.795725
65269 0.812478
71796 0.818625
78975 0.831560
86873 0.840512
95560 0.840712
105116 0.844462
115627 0.841160
127190 0.844416
139909 0.845443
153900 0.845848
169290 0.841269
186219 0.847725
204841 0.847052
225325 0.843591
247857 0.840190
272643 0.843834
299907 0.844809
329897 0.844575
362887 0.849255
399176 0.843870
439093 0.847900
483003 0.845594
531303 0.845009
584433 0.852236
642876 0.836936
707164 0.830547
777880 0.846139
855668 0.845945
941235 0.837028
1035358 0.842937
1138894 0.849206
1252783 0.844469
1378062 0.848003
1515868 0.845547
1667455 0.858343
1834200 0.861520
2017620 0.857654
2219382 0.862685
2441320 0.858730
2685452 0.857548
2953997 0.862394
3249397 0.857782
3574336 0.858903
3931770 0.859398
4324947 0.858457
4757442 0.859123
5233186 0.869703
5756504 0.863805
6332155 0.861287
6965370 0.869676
7661907 0.852086
8428098 0.862449
9270907 0.863034
10197998 0.861699
11217798 0.859767
12339578 0.862390
13573535 0.858518
14930889 0.861933
16423978 0.865989
18066375 0.864615
19873013 0.856833
21860314 0.863129
24046345 0.860164
26450980 0.864778
29096078 0.865873
32005685 0.863356
35206254 0.860510
38726879 0.861208
42599567 0.858072
46859524 0.861469
51545476 0.854282
56700024 0.858797
62370026 0.865533
68607029 0.868131
75467731 0.870233
83014505 0.861014
91315955 0.861327
100447550 0.866182
110492305 0.865809
121541536 0.861086
133695689 0.869507
147065258 0.869680
161771784 0.862406
177948962 0.859972
195743859 0.864008
215318244 0.865351
236850069 0.860730
260535076 0.861400
286588583 0.870974
315247441 0.864247
346772186 0.853113
381449404 0.858680
419594344 0.863541
461553779 0.868309
507709157 0.863122
558480072 0.863835
614328079 0.859023
675760887 0.866500
743336976 0.861666
817670674 0.856168
899437741 0.861040
989381515 0.866427
