1.000000000000000000e+02 1.733999999999999986e+00
1.110000000000000000e+02 1.857999999999999874e+00
1.220000000000000000e+02 1.949999999999999956e+00
1.340000000000000000e+02 2.053999999999999826e+00
1.470000000000000000e+02 2.137999999999999901e+00
1.620000000000000000e+02 2.229999999999999982e+00
1.780000000000000000e+02 2.338000000000000078e+00
1.950000000000000000e+02 2.435999999999999943e+00
2.150000000000000000e+02 2.553999999999999826e+00
2.360000000000000000e+02 2.653999999999999915e+00
2.600000000000000000e+02 2.771999999999999797e+00
2.860000000000000000e+02 2.907999999999999918e+00
3.140000000000000000e+02 3.032000000000000028e+00
3.460000000000000000e+02 3.157999999999999918e+00
3.800000000000000000e+02 3.282000000000000028e+00
4.180000000000000000e+02 3.424000000000000377e+00
4.600000000000000000e+02 3.553999999999999826e+00
5.060000000000000000e+02 3.729999999999999538e+00
5.560000000000000000e+02 3.873999999999999666e+00
6.120000000000000000e+02 4.060000000000000497e+00
6.730000000000000000e+02 4.241999999999999993e+00
7.410000000000000000e+02 4.416000000000000369e+00
8.150000000000000000e+02 4.613999999999999879e+00
8.960000000000000000e+02 4.839999999999999858e+00
9.850000000000000000e+02 5.089999999999999858e+00
1.084000000000000000e+03 5.343999999999999417e+00
1.192000000000000000e+03 5.556000000000000050e+00
1.311000000000000000e+03 5.783999999999999808e+00
1.443000000000000000e+03 6.077999999999999403e+00
1.587000000000000000e+03 6.370000000000000107e+00
1.745000000000000000e+03 6.651999999999999247e+00
1.920000000000000000e+03 6.974000000000001087e+00
2.112000000000000000e+03 7.307999999999999829e+00
2.323000000000000000e+03 7.669999999999999929e+00
2.555000000000000000e+03 7.974000000000001087e+00
2.811000000000000000e+03 8.291999999999998039e+00
3.092000000000000000e+03 8.714000000000000412e+00
3.401000000000000000e+03 9.071999999999999176e+00
3.741000000000000000e+03 9.509999999999998010e+00
4.115000000000000000e+03 9.916000000000000369e+00
4.526000000000000000e+03 1.034399999999999942e+01
4.979000000000000000e+03 1.071599999999999930e+01
5.477000000000000000e+03 1.113199999999999967e+01
6.025000000000000000e+03 1.161999999999999922e+01
6.627000000000000000e+03 1.207600000000000051e+01
7.290000000000000000e+03 1.261200000000000010e+01
8.018000000000000000e+03 1.310599999999999987e+01
8.820000000000000000e+03 1.363199999999999967e+01
9.702000000000000000e+03 1.416000000000000014e+01
1.067200000000000000e+04 1.470399999999999885e+01
1.174000000000000000e+04 1.525000000000000000e+01
1.291300000000000000e+04 1.575200000000000067e+01
1.420500000000000000e+04 1.628800000000000381e+01
1.562500000000000000e+04 1.686599999999999966e+01
1.718800000000000000e+04 1.746600000000000108e+01
1.890600000000000000e+04 1.813799999999999812e+01
2.079700000000000000e+04 1.867399999999999949e+01
2.287700000000000000e+04 1.930000000000000071e+01
2.516400000000000000e+04 2.006000000000000227e+01
2.768100000000000000e+04 2.085399999999999920e+01
3.044900000000000000e+04 2.154199999999999804e+01
3.349300000000000000e+04 2.226999999999999957e+01
3.684300000000000000e+04 2.295199999999999818e+01
4.052700000000000000e+04 2.358999999999999631e+01
4.458000000000000000e+04 2.415200000000000102e+01
4.903800000000000000e+04 2.476600000000000179e+01
5.394100000000000000e+04 2.531400000000000006e+01
5.933500000000000000e+04 2.584200000000000230e+01
6.526900000000000000e+04 2.647600000000000620e+01
7.179600000000000000e+04 2.699200000000000088e+01
7.897500000000000000e+04 2.769200000000000017e+01
8.687300000000000000e+04 2.832199999999999562e+01
9.556000000000000000e+04 2.898199999999999932e+01
1.051160000000000000e+05 2.929600000000000293e+01
1.156270000000000000e+05 2.997599999999999909e+01
1.271900000000000000e+05 3.030199999999999960e+01
1.399090000000000000e+05 3.081200000000000117e+01
1.539000000000000000e+05 3.131000000000000227e+01
1.692900000000000000e+05 3.176799999999999358e+01
1.862190000000000000e+05 3.257999999999999829e+01
2.048410000000000000e+05 3.274999999999999289e+01
2.253250000000000000e+05 3.306799999999999784e+01
2.478570000000000000e+05 3.342199999999999704e+01
2.726430000000000000e+05 3.353600000000000136e+01
2.999070000000000000e+05 3.391199999999999903e+01
3.298970000000000000e+05 3.428799999999999670e+01
3.628870000000000000e+05 3.449200000000000443e+01
3.991760000000000000e+05 3.457000000000000739e+01
4.390930000000000000e+05 3.460999999999999943e+01
4.830030000000000000e+05 3.474200000000000443e+01
5.313030000000000000e+05 3.477599999999999625e+01
5.844330000000000000e+05 3.521600000000000108e+01
6.428760000000000000e+05 3.498599999999999710e+01
7.071640000000000000e+05 3.505199999999999960e+01
7.778800000000000000e+05 3.519199999999999307e+01
8.556680000000000000e+05 3.481199999999999761e+01
9.412350000000000000e+05 3.463799999999999102e+01
1.035358000000000000e+06 3.435000000000000142e+01
1.138894000000000000e+06 3.403399999999999181e+01
1.252783000000000000e+06 3.376999999999999602e+01
1.378062000000000000e+06 3.361999999999999744e+01
1.515868000000000000e+06 3.321800000000000352e+01
1.667455000000000000e+06 3.271399999999999864e+01
1.834200000000000000e+06 3.267200000000001125e+01
2.017620000000000000e+06 3.273600000000000421e+01
2.219382000000000000e+06 3.235600000000000165e+01
2.441320000000000000e+06 3.210600000000000165e+01
2.685452000000000000e+06 3.206599999999999540e+01
2.953997000000000000e+06 3.175600000000000023e+01
3.249397000000000000e+06 3.158200000000000074e+01
3.574336000000000000e+06 3.136399999999999721e+01
3.931770000000000000e+06 3.083000000000000185e+01
4.324947000000000000e+06 3.044200000000000017e+01
4.757442000000000000e+06 3.066600000000000392e+01
5.233186000000000000e+06 3.009199999999999520e+01
5.756504000000000000e+06 2.985199999999999676e+01
6.332155000000000000e+06 2.965199999999999747e+01
6.965370000000000000e+06 2.942199999999999704e+01
7.661907000000000000e+06 2.879400000000000404e+01
8.428098000000000000e+06 2.874799999999999756e+01
9.270907000000000000e+06 2.908399999999999608e+01
1.019799800000000000e+07 2.867999999999999972e+01
1.121779800000000000e+07 2.841599999999999682e+01
1.233957800000000000e+07 2.797599999999999909e+01
1.357353500000000000e+07 2.735400000000000276e+01
1.493088900000000000e+07 2.686200000000000188e+01
1.642397800000000000e+07 2.704800000000000182e+01
1.806637500000000000e+07 2.676000000000000156e+01
1.987301300000000000e+07 2.654800000000000182e+01
2.186031400000000000e+07 2.647000000000000597e+01
2.404634500000000000e+07 2.608800000000000097e+01
2.645098000000000000e+07 2.614599999999999724e+01
2.909607800000000000e+07 2.595399999999999707e+01
3.200568500000000000e+07 2.591399999999999793e+01
3.520625400000000000e+07 2.564999999999999858e+01
3.872687900000000000e+07 2.554199999999999804e+01
4.259956700000000000e+07 2.545400000000000063e+01
4.685952400000000000e+07 2.477199999999999847e+01
5.154547600000000000e+07 2.466600000000000392e+01
5.670002400000000000e+07 2.443400000000000105e+01
6.237002600000000000e+07 2.373599999999999710e+01
6.860702900000000000e+07 2.371199999999999619e+01
7.546773100000000000e+07 2.313199999999999790e+01
8.301450500000000000e+07 2.286399999999999721e+01
9.131595500000000000e+07 2.304400000000000048e+01
1.004475500000000000e+08 2.266799999999999926e+01
1.104923050000000000e+08 2.212400000000000233e+01
1.215415360000000000e+08 2.203600000000000136e+01
1.336956890000000000e+08 2.211000000000000298e+01
1.470652580000000000e+08 2.174599999999999866e+01
1.617717840000000000e+08 2.096199999999999974e+01
1.779489620000000000e+08 2.055199999999999960e+01
1.957438590000000000e+08 2.013600000000000279e+01
2.153182440000000000e+08 1.995200000000000173e+01
2.368500690000000000e+08 1.987599999999999767e+01
2.605350760000000000e+08 1.958000000000000185e+01
2.865885830000000000e+08 1.922600000000000264e+01
3.152474410000000000e+08 1.878400000000000247e+01
3.467721860000000000e+08 1.855999999999999872e+01
3.814494040000000000e+08 1.791000000000000014e+01
4.195943440000000000e+08 1.757799999999999585e+01
4.615537790000000000e+08 1.736599999999999966e+01
5.077091570000000000e+08 1.733200000000000074e+01
5.584800720000000000e+08 1.721799999999999997e+01
6.143280790000000000e+08 1.713400000000000034e+01
6.757608870000000000e+08 1.711000000000000298e+01
7.433369760000000000e+08 1.709800000000000253e+01
8.176706740000000000e+08 1.694600000000000151e+01
8.994377410000000000e+08 1.701600000000000179e+01
9.893815150000000000e+08 1.701200000000000045e+01
