1.000000000000000000e+02 1.859999999999999876e+00
1.110000000000000000e+02 1.947999999999999954e+00
1.220000000000000000e+02 2.017999999999999794e+00
1.340000000000000000e+02 2.104000000000000092e+00
1.470000000000000000e+02 2.175999999999999712e+00
1.620000000000000000e+02 2.254000000000000004e+00
1.780000000000000000e+02 2.350000000000000089e+00
1.950000000000000000e+02 2.446000000000000618e+00
2.150000000000000000e+02 2.561999999999999833e+00
2.360000000000000000e+02 2.659999999999999698e+00
2.600000000000000000e+02 2.774000000000000021e+00
2.860000000000000000e+02 2.907999999999999918e+00
3.140000000000000000e+02 3.032000000000000028e+00
3.460000000000000000e+02 3.157999999999999918e+00
3.800000000000000000e+02 3.283999999999999808e+00
4.180000000000000000e+02 3.425999999999999712e+00
4.600000000000000000e+02 3.557999999999999829e+00
5.060000000000000000e+02 3.733999999999999542e+00
5.560000000000000000e+02 3.879999999999999893e+00
6.120000000000000000e+02 4.068000000000000504e+00
6.730000000000000000e+02 4.252000000000000668e+00
7.410000000000000000e+02 4.426000000000000156e+00
8.150000000000000000e+02 4.628000000000000114e+00
8.960000000000000000e+02 4.851999999999999424e+00
9.850000000000000000e+02 5.105999999999999872e+00
1.084000000000000000e+03 5.362000000000000099e+00
1.192000000000000000e+03 5.592000000000000526e+00
1.311000000000000000e+03 5.827999999999999403e+00
1.443000000000000000e+03 6.121999999999999886e+00
1.587000000000000000e+03 6.423999999999999488e+00
1.745000000000000000e+03 6.714000000000000412e+00
1.920000000000000000e+03 7.043999999999999595e+00
2.112000000000000000e+03 7.384000000000000341e+00
2.323000000000000000e+03 7.759999999999999787e+00
2.555000000000000000e+03 8.081999999999998963e+00
2.811000000000000000e+03 8.423999999999999488e+00
3.092000000000000000e+03 8.859999999999999432e+00
3.401000000000000000e+03 9.257999999999999119e+00
3.741000000000000000e+03 9.724000000000000199e+00
4.115000000000000000e+03 1.015000000000000213e+01
4.526000000000000000e+03 1.062400000000000055e+01
4.979000000000000000e+03 1.104800000000000004e+01
5.477000000000000000e+03 1.153200000000000003e+01
6.025000000000000000e+03 1.208000000000000185e+01
6.627000000000000000e+03 1.260400000000000098e+01
7.290000000000000000e+03 1.321599999999999930e+01
8.018000000000000000e+03 1.379000000000000092e+01
8.820000000000000000e+03 1.439199999999999946e+01
9.702000000000000000e+03 1.501600000000000001e+01
1.067200000000000000e+04 1.565600000000000058e+01
1.174000000000000000e+04 1.633599999999999852e+01
1.291300000000000000e+04 1.699200000000000088e+01
1.420500000000000000e+04 1.770199999999999818e+01
1.562500000000000000e+04 1.841799999999999926e+01
1.718800000000000000e+04 1.923000000000000043e+01
1.890600000000000000e+04 2.008000000000000185e+01
2.079700000000000000e+04 2.086399999999999721e+01
2.287700000000000000e+04 2.171799999999999997e+01
2.516400000000000000e+04 2.269200000000000017e+01
2.768100000000000000e+04 2.378999999999999915e+01
3.044900000000000000e+04 2.481800000000000139e+01
3.349300000000000000e+04 2.588000000000000256e+01
3.684300000000000000e+04 2.692200000000000415e+01
4.052700000000000000e+04 2.800999999999999801e+01
4.458000000000000000e+04 2.913199999999999790e+01
4.903800000000000000e+04 3.030199999999999960e+01
5.394100000000000000e+04 3.148000000000000043e+01
5.933500000000000000e+04 3.262599999999999767e+01
6.526900000000000000e+04 3.385000000000000853e+01
7.179600000000000000e+04 3.504399999999999693e+01
7.897500000000000000e+04 3.631199999999999761e+01
8.687300000000000000e+04 3.766600000000000392e+01
9.556000000000000000e+04 3.910199999999999676e+01
1.051160000000000000e+05 4.046399999999999864e+01
1.156270000000000000e+05 4.196799999999999642e+01
1.271900000000000000e+05 4.338199999999999790e+01
1.399090000000000000e+05 4.481400000000000006e+01
1.539000000000000000e+05 4.643599999999999994e+01
1.692900000000000000e+05 4.807399999999999807e+01
1.862190000000000000e+05 4.979399999999999693e+01
2.048410000000000000e+05 5.143399999999999039e+01
2.253250000000000000e+05 5.314000000000000767e+01
2.478570000000000000e+05 5.481199999999999761e+01
2.726430000000000000e+05 5.660000000000000142e+01
2.999070000000000000e+05 5.835600000000000875e+01
3.298970000000000000e+05 6.004800000000000182e+01
3.628870000000000000e+05 6.191400000000000148e+01
3.991760000000000000e+05 6.375399999999999778e+01
4.390930000000000000e+05 6.551800000000000068e+01
4.830030000000000000e+05 6.745000000000000284e+01
5.313030000000000000e+05 6.927199999999999136e+01
5.844330000000000000e+05 7.108599999999999852e+01
6.428760000000000000e+05 7.293600000000000705e+01
7.071640000000000000e+05 7.467400000000000659e+01
7.778800000000000000e+05 7.660599999999999454e+01
8.556680000000000000e+05 7.837800000000000011e+01
9.412350000000000000e+05 8.009999999999999432e+01
1.035358000000000000e+06 8.189599999999998658e+01
1.138894000000000000e+06 8.365600000000000591e+01
1.252783000000000000e+06 8.543399999999999750e+01
1.378062000000000000e+06 8.720000000000000284e+01
1.515868000000000000e+06 8.890000000000000568e+01
1.667455000000000000e+06 9.058599999999999852e+01
1.834200000000000000e+06 9.212800000000000011e+01
2.017620000000000000e+06 9.387800000000000011e+01
2.219382000000000000e+06 9.545999999999999375e+01
2.441320000000000000e+06 9.703399999999999181e+01
2.685452000000000000e+06 9.858599999999999852e+01
2.953997000000000000e+06 1.001620000000000061e+02
3.249397000000000000e+06 1.017299999999999898e+02
3.574336000000000000e+06 1.032140000000000128e+02
3.931770000000000000e+06 1.045979999999999990e+02
4.324947000000000000e+06 1.059459999999999980e+02
4.757442000000000000e+06 1.073600000000000136e+02
5.233186000000000000e+06 1.088079999999999927e+02
5.756504000000000000e+06 1.100960000000000036e+02
6.332155000000000000e+06 1.113479999999999990e+02
6.965370000000000000e+06 1.126180000000000092e+02
7.661907000000000000e+06 1.139119999999999919e+02
8.428098000000000000e+06 1.150680000000000121e+02
9.270907000000000000e+06 1.162240000000000038e+02
1.019799800000000000e+07 1.173539999999999992e+02
1.121779800000000000e+07 1.184819999999999993e+02
1.233957800000000000e+07 1.195499999999999972e+02
1.357353500000000000e+07 1.206139999999999901e+02
1.493088900000000000e+07 1.216079999999999899e+02
1.642397800000000000e+07 1.225540000000000020e+02
1.806637500000000000e+07 1.234900000000000091e+02
1.987301300000000000e+07 1.243400000000000034e+02
2.186031400000000000e+07 1.251940000000000026e+02
2.404634500000000000e+07 1.259799999999999898e+02
2.645098000000000000e+07 1.268440000000000083e+02
2.909607800000000000e+07 1.276260000000000048e+02
3.200568500000000000e+07 1.283300000000000125e+02
3.520625400000000000e+07 1.290180000000000007e+02
3.872687900000000000e+07 1.297139999999999986e+02
4.259956700000000000e+07 1.304120000000000061e+02
4.685952400000000000e+07 1.310579999999999927e+02
5.154547600000000000e+07 1.316419999999999959e+02
5.670002400000000000e+07 1.322800000000000011e+02
6.237002600000000000e+07 1.328520000000000039e+02
6.860702900000000000e+07 1.334079999999999870e+02
7.546773100000000000e+07 1.339819999999999993e+02
8.301450500000000000e+07 1.345240000000000293e+02
9.131595500000000000e+07 1.350040000000000191e+02
1.004475500000000000e+08 1.355240000000000009e+02
1.104923050000000000e+08 1.359839999999999804e+02
1.215415360000000000e+08 1.364079999999999870e+02
1.336956890000000000e+08 1.368300000000000125e+02
1.470652580000000000e+08 1.372840000000000202e+02
1.617717840000000000e+08 1.376800000000000068e+02
1.779489620000000000e+08 1.380720000000000027e+02
1.957438590000000000e+08 1.384699999999999989e+02
2.153182440000000000e+08 1.388100000000000023e+02
2.368500690000000000e+08 1.391200000000000045e+02
2.605350760000000000e+08 1.394339999999999975e+02
2.865885830000000000e+08 1.397620000000000005e+02
3.152474410000000000e+08 1.400579999999999927e+02
3.467721860000000000e+08 1.402819999999999823e+02
3.814494040000000000e+08 1.405339999999999918e+02
4.195943440000000000e+08 1.408159999999999741e+02
4.615537790000000000e+08 1.410480000000000302e+02
5.077091570000000000e+08 1.413239999999999839e+02
5.584800720000000000e+08 1.415540000000000020e+02
6.143280790000000000e+08 1.417379999999999995e+02
6.757608870000000000e+08 1.419599999999999795e+02
7.433369760000000000e+08 1.421359999999999957e+02
8.176706740000000000e+08 1.423299999999999841e+02
8.994377410000000000e+08 1.425160000000000196e+02
9.893815150000000000e+08 1.427239999999999895e+02
