0.000000000000000000e+00 1.019803902718557920e-02
0.000000000000000000e+00 2.400000000000002132e-02
0.000000000000000000e+00 3.006659275674584617e-02
0.000000000000000000e+00 4.445222154178581075e-02
0.000000000000000000e+00 4.195235392680612269e-02
0.000000000000000000e+00 3.346640106136302556e-02
0.000000000000000000e+00 3.929376540877708990e-02
0.000000000000000000e+00 3.555277766926235455e-02
0.000000000000000000e+00 5.455272678794329672e-02
0.000000000000000000e+00 5.366563145999505430e-02
0.000000000000000000e+00 7.042726744663596605e-02
0.000000000000000000e+00 7.418894796396574565e-02
0.000000000000000000e+00 7.823042886243175564e-02
0.000000000000000000e+00 7.348469228349539806e-02
0.000000000000000000e+00 6.928203230275495339e-02
0.000000000000000000e+00 8.611620056644389565e-02
0.000000000000000000e+00 7.418894796396556524e-02
0.000000000000000000e+00 8.231646250902668882e-02
0.000000000000000000e+00 7.807688518377252362e-02
0.000000000000000000e+00 5.491812087098372347e-02
0.000000000000000000e+00 5.403702434442521352e-02
0.000000000000000000e+00 5.549774770204620594e-02
0.000000000000000000e+00 5.491812087098385531e-02
0.000000000000000000e+00 6.462197768561397937e-02
0.000000000000000000e+00 9.682974749528146241e-02
0.000000000000000000e+00 7.959899496852954059e-02
0.000000000000000000e+00 8.138795979750329534e-02
0.000000000000000000e+00 7.200000000000018885e-02
0.000000000000000000e+00 7.337574531137670830e-02
0.000000000000000000e+00 7.200000000000018885e-02
0.000000000000000000e+00 7.678541528180986286e-02
0.000000000000000000e+00 1.023718711365578238e-01
0.000000000000000000e+00 1.295530779256132414e-01
0.000000000000000000e+00 1.225397894563231560e-01
0.000000000000000000e+00 1.007968253468331243e-01
0.000000000000000000e+00 9.359487165438112877e-02
0.000000000000000000e+00 1.011137972781167294e-01
0.000000000000000000e+00 1.092520022699816351e-01
0.000000000000000000e+00 1.440277750991109385e-01
0.000000000000000000e+00 1.613195586406063753e-01
0.000000000000000000e+00 1.608726204175217334e-01
0.000000000000000000e+00 1.794435844492632826e-01
0.000000000000000000e+00 9.645724441429967544e-02
0.000000000000000000e+00 1.307516730294489837e-01
0.000000000000000000e+00 1.890396783746734199e-01
0.000000000000000000e+00 1.763632614803886944e-01
0.000000000000000000e+00 1.299846144741751697e-01
0.000000000000000000e+00 1.259523719506706607e-01
0.000000000000000000e+00 1.412232275512776691e-01
0.000000000000000000e+00 1.752027397046064250e-01
0.000000000000000000e+00 1.580632784678341340e-01
0.000000000000000000e+00 1.328758819349851183e-01
0.000000000000000000e+00 1.811739495622919638e-01
0.000000000000000000e+00 1.824280680158620049e-01
0.000000000000000000e+00 1.664211525017172677e-01
0.000000000000000000e+00 3.397999411418430316e-01
0.000000000000000000e+00 3.982260664496994340e-01
0.000000000000000000e+00 2.636209399877030291e-01
0.000000000000000000e+00 2.668632608659350369e-01
0.000000000000000000e+00 1.691153452528778023e-01
0.000000000000000000e+00 1.771327186038764712e-01
0.000000000000000000e+00 1.711841114122451823e-01
0.000000000000000000e+00 1.879787222001465530e-01
0.000000000000000000e+00 1.948743184721881683e-01
0.000000000000000000e+00 2.156293115510967973e-01
0.000000000000000000e+00 4.005995506737367595e-01
0.000000000000000000e+00 2.778200856669650887e-01
0.000000000000000000e+00 5.714052852398195936e-01
0.000000000000000000e+00 4.700468061799801256e-01
0.000000000000000000e+00 3.590320319971466168e-01
0.000000000000000000e+00 2.822339455132920616e-01
0.000000000000000000e+00 4.762352359916255939e-01
0.000000000000000000e+00 5.864673903977948299e-01
0.000000000000000000e+00 4.254597513279018139e-01
0.000000000000000000e+00 2.944825971088950167e-01
0.000000000000000000e+00 3.962827273551046137e-01
0.000000000000000000e+00 4.070872142428443863e-01
0.000000000000000000e+00 5.092504295530835279e-01
0.000000000000000000e+00 4.239339571206818258e-01
0.000000000000000000e+00 4.306460263371762465e-01
0.000000000000000000e+00 3.410219934256454866e-01
0.000000000000000000e+00 5.224327707944824706e-01
0.000000000000000000e+00 2.798285189182828647e-01
0.000000000000000000e+00 4.226771817829768074e-01
0.000000000000000000e+00 1.917915535157886098e-01
0.000000000000000000e+00 5.643403228549246364e-01
0.000000000000000000e+00 4.364126487626141526e-01
0.000000000000000000e+00 5.453659321959907214e-01
0.000000000000000000e+00 5.418708333173137826e-01
0.000000000000000000e+00 6.610476533503453211e-01
0.000000000000000000e+00 5.834860752408768114e-01
0.000000000000000000e+00 4.681452765969129071e-01
0.000000000000000000e+00 5.996532331272790284e-01
0.000000000000000000e+00 6.739851630414411821e-01
0.000000000000000000e+00 7.678906172105517403e-01
0.000000000000000000e+00 6.267567311166251098e-01
0.000000000000000000e+00 5.639716304921724710e-01
0.000000000000000000e+00 8.537774885765030408e-01
0.000000000000000000e+00 5.529195239815645202e-01
0.000000000000000000e+00 4.928934976239793819e-01
0.000000000000000000e+00 6.668313130020223634e-01
0.000000000000000000e+00 8.177138863930348833e-01
0.000000000000000000e+00 7.811427526387209053e-01
0.000000000000000000e+00 6.478086137124152710e-01
0.000000000000000000e+00 6.755264613618018332e-01
0.000000000000000000e+00 8.616960020796200492e-01
0.000000000000000000e+00 1.083741666634628675e+00
0.000000000000000000e+00 5.075667443794957823e-01
0.000000000000000000e+00 1.018104120412053115e+00
0.000000000000000000e+00 1.231974025700217412e+00
0.000000000000000000e+00 1.176520293067653933e+00
0.000000000000000000e+00 9.539392014169465472e-01
0.000000000000000000e+00 8.279999999999991811e-01
0.000000000000000000e+00 8.908961780140260966e-01
0.000000000000000000e+00 7.803332621386848134e-01
0.000000000000000000e+00 5.837602247498542285e-01
0.000000000000000000e+00 6.914506489981768755e-01
0.000000000000000000e+00 3.371409200912877102e-01
0.000000000000000000e+00 2.984225192575121199e-01
0.000000000000000000e+00 4.094386400915284163e-01
0.000000000000000000e+00 4.517255804135956176e-01
0.000000000000000000e+00 6.425387147868997229e-01
0.000000000000000000e+00 7.154858489166652236e-01
0.000000000000000000e+00 9.476581662181766674e-01
0.000000000000000000e+00 6.934147388107640975e-01
0.000000000000000000e+00 6.105210889068449776e-01
0.000000000000000000e+00 2.993726774440177985e-01
0.000000000000000000e+00 3.767227096950753196e-01
0.000000000000000000e+00 2.824606167238193910e-01
0.000000000000000000e+00 4.678717773065606544e-01
0.000000000000000000e+00 7.117752454251271566e-01
0.000000000000000000e+00 7.399351322920137974e-01
0.000000000000000000e+00 4.328232895767047395e-01
0.000000000000000000e+00 2.977515743031426410e-01
0.000000000000000000e+00 4.196951274437187296e-01
0.000000000000000000e+00 5.241144913089118562e-01
0.000000000000000000e+00 4.516015943284522050e-01
0.000000000000000000e+00 7.182924195618390906e-01
0.000000000000000000e+00 5.662013776034108270e-01
0.000000000000000000e+00 7.563332598795331485e-01
0.000000000000000000e+00 3.949379698129830141e-01
0.000000000000000000e+00 6.682634211147575609e-01
0.000000000000000000e+00 4.515041528048215902e-01
0.000000000000000000e+00 3.921938296301969440e-01
0.000000000000000000e+00 4.850319577100049573e-01
0.000000000000000000e+00 3.731273241133656327e-01
0.000000000000000000e+00 6.772591822928654137e-01
0.000000000000000000e+00 7.709111492253819531e-01
0.000000000000000000e+00 3.149222126176556835e-01
0.000000000000000000e+00 8.353825471004290293e-01
0.000000000000000000e+00 7.027545802056354152e-01
0.000000000000000000e+00 8.997555223503771460e-01
0.000000000000000000e+00 9.896342758817527896e-01
0.000000000000000000e+00 8.218418339315664012e-01
0.000000000000000000e+00 3.975223264170197890e-01
0.000000000000000000e+00 5.084722214634735948e-01
0.000000000000000000e+00 5.392068248826226151e-01
0.000000000000000000e+00 5.359477586481727895e-01
0.000000000000000000e+00 9.023391823477464602e-01
0.000000000000000000e+00 5.278863514052993811e-01
0.000000000000000000e+00 7.865468835358759847e-01
0.000000000000000000e+00 8.081732487530138842e-01
0.000000000000000000e+00 6.631319627344161027e-01
0.000000000000000000e+00 5.683449656678586370e-01
0.000000000000000000e+00 1.431083505599867745e-01
0.000000000000000000e+00 4.478392568768399529e-01
0.000000000000000000e+00 5.327138068419102757e-01
0.000000000000000000e+00 6.730349173705619803e-01
0.000000000000000000e+00 7.961658118758926372e-01
0.000000000000000000e+00 7.319453531514493738e-01
