0.000000000000000000e+00 1.316704734403275484e-02
0.000000000000000000e+00 1.265228268100266826e-02
0.000000000000000000e+00 2.032492458436193153e-02
0.000000000000000000e+00 1.944093808024705688e-02
0.000000000000000000e+00 1.521693377261003691e-02
0.000000000000000000e+00 1.632608936150969220e-02
0.000000000000000000e+00 1.568359458032500542e-02
0.000000000000000000e+00 1.318877739595296708e-02
0.000000000000000000e+00 1.079709351631262006e-02
0.000000000000000000e+00 8.477134671573880592e-03
0.000000000000000000e+00 8.208896491002917392e-03
0.000000000000000000e+00 9.451991823949065091e-03
0.000000000000000000e+00 4.683096522601257715e-03
0.000000000000000000e+00 4.861384313135507819e-03
0.000000000000000000e+00 6.206342774935976608e-03
0.000000000000000000e+00 7.157145559509042569e-03
0.000000000000000000e+00 1.015830604776209699e-02
0.000000000000000000e+00 5.285724449874399343e-03
0.000000000000000000e+00 8.015711721363236522e-03
0.000000000000000000e+00 9.935831568620715620e-03
0.000000000000000000e+00 7.516029893500957709e-03
0.000000000000000000e+00 1.044713701259823713e-02
0.000000000000000000e+00 4.037623974567220927e-03
0.000000000000000000e+00 4.556967746210192904e-03
0.000000000000000000e+00 7.483319568213027406e-03
0.000000000000000000e+00 6.760315714521030264e-03
0.000000000000000000e+00 7.127069961772508622e-03
0.000000000000000000e+00 8.621237669847641241e-03
0.000000000000000000e+00 8.622231372446456654e-03
0.000000000000000000e+00 1.147045908409946580e-02
0.000000000000000000e+00 7.736959542352537730e-03
0.000000000000000000e+00 5.874312181013199678e-03
0.000000000000000000e+00 1.449938685600187308e-02
0.000000000000000000e+00 1.205678876981760433e-02
0.000000000000000000e+00 1.087092190386813526e-02
0.000000000000000000e+00 9.301987585457211632e-03
0.000000000000000000e+00 1.152795660297174785e-02
0.000000000000000000e+00 8.781603871730946781e-03
0.000000000000000000e+00 1.301489874566836777e-02
0.000000000000000000e+00 1.004715150876107736e-02
0.000000000000000000e+00 1.072645673836425742e-02
0.000000000000000000e+00 7.853455020562605943e-03
0.000000000000000000e+00 8.257256454779636837e-03
0.000000000000000000e+00 6.196553913265016172e-03
0.000000000000000000e+00 5.815824172032716885e-03
0.000000000000000000e+00 3.064199954311078167e-03
0.000000000000000000e+00 9.030442571657274972e-03
0.000000000000000000e+00 7.495798273699739653e-03
0.000000000000000000e+00 1.016378443297574763e-02
0.000000000000000000e+00 1.068034053015165866e-02
0.000000000000000000e+00 1.091996609152244384e-02
0.000000000000000000e+00 8.762368004141353472e-03
0.000000000000000000e+00 8.122325947658099246e-03
0.000000000000000000e+00 1.246192821356311570e-02
0.000000000000000000e+00 8.194095913522120994e-03
0.000000000000000000e+00 1.833962815980739319e-02
0.000000000000000000e+00 1.669290789527097876e-02
0.000000000000000000e+00 8.702079875523998503e-03
0.000000000000000000e+00 7.266108218296763767e-03
0.000000000000000000e+00 5.737103394571159941e-03
0.000000000000000000e+00 3.144650212662763403e-03
0.000000000000000000e+00 6.054840708061600373e-03
0.000000000000000000e+00 4.966189589614959481e-03
0.000000000000000000e+00 6.746309509650453597e-03
0.000000000000000000e+00 3.215027489773619740e-03
0.000000000000000000e+00 9.480730469747575620e-03
0.000000000000000000e+00 6.050256609434021861e-03
0.000000000000000000e+00 1.489564696950085830e-02
0.000000000000000000e+00 6.445126766790536255e-03
0.000000000000000000e+00 6.343571378963133549e-03
0.000000000000000000e+00 8.935449924877863354e-03
0.000000000000000000e+00 1.152712646586304124e-02
0.000000000000000000e+00 9.711721070953378138e-03
0.000000000000000000e+00 9.542641257010557945e-03
0.000000000000000000e+00 8.421519687087380621e-03
0.000000000000000000e+00 8.259812864708254709e-03
0.000000000000000000e+00 8.909219031991528689e-03
0.000000000000000000e+00 1.149147898923370478e-02
0.000000000000000000e+00 7.235940104782533078e-03
0.000000000000000000e+00 7.334731640625988605e-03
0.000000000000000000e+00 3.129474946376763558e-03
0.000000000000000000e+00 3.706715397761226917e-03
0.000000000000000000e+00 3.596893581967663175e-03
0.000000000000000000e+00 3.171321957796160908e-03
0.000000000000000000e+00 5.946957998842767289e-03
0.000000000000000000e+00 5.677404040580528131e-03
0.000000000000000000e+00 3.507111096044723212e-03
0.000000000000000000e+00 4.538707983556585467e-03
0.000000000000000000e+00 5.688029908500846429e-03
0.000000000000000000e+00 4.910765251974486510e-03
0.000000000000000000e+00 5.836821244478881433e-03
0.000000000000000000e+00 4.430856937433201755e-03
0.000000000000000000e+00 6.029228487957653641e-03
0.000000000000000000e+00 7.246119772678321150e-03
0.000000000000000000e+00 4.842119180689372082e-03
0.000000000000000000e+00 3.067549406285094253e-03
0.000000000000000000e+00 2.817503831408244182e-03
0.000000000000000000e+00 6.203201515346709952e-03
0.000000000000000000e+00 4.264511292047389220e-03
0.000000000000000000e+00 3.357934579469974961e-03
0.000000000000000000e+00 2.858436817563044397e-03
0.000000000000000000e+00 3.710428837749065855e-03
0.000000000000000000e+00 5.748736368977085814e-03
0.000000000000000000e+00 3.462555149019292539e-03
0.000000000000000000e+00 2.108902899613934734e-03
0.000000000000000000e+00 3.255664270160531226e-03
0.000000000000000000e+00 3.149960215621772867e-03
0.000000000000000000e+00 3.038223204440381343e-03
0.000000000000000000e+00 4.538418887674440690e-03
0.000000000000000000e+00 5.768077565359175200e-03
0.000000000000000000e+00 4.927103936391011990e-03
0.000000000000000000e+00 2.379884366938875197e-03
0.000000000000000000e+00 3.863165675970935912e-03
0.000000000000000000e+00 4.068847374871651518e-03
0.000000000000000000e+00 2.878359157575708163e-03
0.000000000000000000e+00 2.800772821918979041e-03
0.000000000000000000e+00 2.005297224852203766e-03
0.000000000000000000e+00 2.281394082573208644e-03
0.000000000000000000e+00 1.976537376322549510e-03
0.000000000000000000e+00 1.984311527961253162e-03
0.000000000000000000e+00 1.585578834369306750e-03
0.000000000000000000e+00 1.555832818782267512e-03
0.000000000000000000e+00 1.390970395083967548e-03
0.000000000000000000e+00 3.578504235012178701e-03
0.000000000000000000e+00 2.191696183324664399e-03
0.000000000000000000e+00 1.700644277913523862e-03
0.000000000000000000e+00 1.301962979504410131e-03
0.000000000000000000e+00 2.820078339337402096e-03
0.000000000000000000e+00 1.893625559607810304e-03
0.000000000000000000e+00 1.106522010626090477e-03
0.000000000000000000e+00 3.340607824932471936e-03
0.000000000000000000e+00 2.727333906950162295e-03
0.000000000000000000e+00 1.872982391801938581e-03
0.000000000000000000e+00 2.006227604236358614e-03
0.000000000000000000e+00 1.906204543064584939e-03
0.000000000000000000e+00 2.262375954610572511e-03
0.000000000000000000e+00 2.320312858215463261e-03
0.000000000000000000e+00 2.500789923204282776e-03
0.000000000000000000e+00 1.343861064247332945e-03
0.000000000000000000e+00 2.026396742989894622e-03
0.000000000000000000e+00 1.866897897583056449e-03
0.000000000000000000e+00 3.043521604983251416e-03
0.000000000000000000e+00 1.930558944969043740e-03
0.000000000000000000e+00 2.268499327749497023e-03
0.000000000000000000e+00 2.222963661421396928e-03
0.000000000000000000e+00 1.568643362909486741e-03
0.000000000000000000e+00 9.720337442702353626e-04
0.000000000000000000e+00 2.237806247198329251e-03
0.000000000000000000e+00 1.034982395985559710e-03
0.000000000000000000e+00 1.947215509387701694e-03
0.000000000000000000e+00 1.921338949795166427e-03
0.000000000000000000e+00 1.940340753579119495e-03
0.000000000000000000e+00 3.334760285237923973e-03
0.000000000000000000e+00 2.574838325021593273e-03
0.000000000000000000e+00 1.543347867462176344e-03
0.000000000000000000e+00 1.960051366673854455e-03
0.000000000000000000e+00 2.652614378306807942e-03
0.000000000000000000e+00 1.534676825914813329e-03
0.000000000000000000e+00 2.111802036176698219e-03
0.000000000000000000e+00 1.288766945572372355e-03
0.000000000000000000e+00 1.936686200704690894e-03
0.000000000000000000e+00 3.285374462675472347e-03
0.000000000000000000e+00 2.633660494444941495e-03
0.000000000000000000e+00 2.621580057903988986e-03
0.000000000000000000e+00 1.152067428582208026e-03
0.000000000000000000e+00 2.500532951192612711e-03
0.000000000000000000e+00 2.250296567121770706e-03
0.000000000000000000e+00 2.588600162249888367e-03
0.000000000000000000e+00 2.258112486126403508e-03
0.000000000000000000e+00 2.272212930163036021e-03
