100 2.700000
111 2.800000
122 2.890000
134 2.970000
147 3.070000
162 3.170000
178 3.250000
195 3.350000
215 3.460000
236 3.610000
260 3.710000
286 3.820000
314 3.960000
346 4.110000
380 4.210000
418 4.280000
460 4.460000
506 4.650000
556 4.740000
612 4.890000
673 5.040000
741 5.210000
815 5.320000
896 5.450000
985 5.600000
1084 5.780000
1192 5.910000
1311 6.140000
1443 6.370000
1587 6.650000
1745 6.850000
1920 7.100000
2112 7.250000
2323 7.510000
2555 7.700000
2811 7.990000
3092 8.310000
3401 8.610000
3741 8.930000
4115 9.250000
4526 9.490000
4979 9.840000
5477 10.050000
6025 10.390000
6627 10.820000
7290 11.170000
8018 11.510000
8820 11.820000
9702 12.130000
10672 12.450000
11740 12.810000
12913 13.170000
14205 13.510000
15625 13.840000
17188 14.100000
18906 14.500000
20797 14.680000
22877 14.850000
25164 15.030000
27681 14.810000
30449 14.090000
33493 13.020000
36843 12.070000
40527 11.170000
44580 10.320000
49038 9.570000
53941 8.890000
59335 8.750000
65269 8.660000
71796 8.450000
78975 8.230000
86873 8.260000
95560 8.260000
105116 8.190000
115627 8.320000
127190 8.170000
139909 8.110000
153900 8.180000
169290 8.100000
186219 8.090000
204841 8.130000
225325 8.080000
247857 8.170000
272643 8.060000
299907 8.110000
329897 7.990000
362887 8.070000
399176 8.070000
439093 8.040000
483003 8.000000
531303 8.060000
584433 8.080000
642876 8.080000
707164 8.070000
777880 8.040000
855668 8.080000
941235 7.990000
1035358 8.080000
1138894 8.020000
1252783 8.020000
1378062 8.010000
1515868 8.000000
1667455 8.020000
1834200 8.000000
2017620 7.990000
2219382 8.000000
2441320 8.000000
2685452 8.020000
2953997 8.020000
3249397 8.000000
3574336 8.020000
3931770 7.990000
4324947 8.000000
4757442 8.020000
5233186 8.060000
5756504 7.990000
6332155 8.020000
6965370 7.990000
7661907 8.020000
8428098 8.010000
9270907 7.990000
10197998 8.000000
11217798 8.030000
12339578 8.030000
13573535 8.000000
14930889 7.990000
16423978 8.000000
18066375 7.980000
19873013 7.960000
21860314 8.010000
24046345 8.050000
26450980 7.980000
29096078 8.020000
32005685 7.980000
35206254 8.020000
38726879 7.990000
42599567 7.980000
46859524 8.000000
51545476 8.000000
56700024 8.000000
62370026 8.020000
68607029 8.000000
75467731 8.000000
83014505 8.000000
91315955 7.990000
100447550 7.980000
110492305 8.040000
121541536 8.000000
133695689 7.990000
147065258 7.500000
161771784 7.500000
177948962 7.500000
195743859 7.500000
215318244 7.500000
236850069 7.500000
260535076 7.540000
286588583 7.520000
315247441 7.520000
346772186 7.540000
381449404 7.500000
419594344 7.000000
461553779 7.020000
507709157 7.020000
558480072 7.000000
614328079 7.000000
675760887 7.040000
743336976 7.000000
817670674 7.020000
899437741 7.000000
989381515 7.020000
100 7.000000
111 7.000000
122 7.000000
134 7.000000
147 7.010000
162 7.020000
178 7.020000
195 7.030000
215 7.050000
236 7.050000
260 7.050000
286 7.070000
314 7.070000
346 7.070000
380 7.070000
418 7.120000
460 7.120000
506 7.130000
556 7.210000
612 7.270000
673 7.310000
741 7.370000
815 7.430000
896 7.510000
985 7.520000
1084 7.640000
1192 7.770000
1311 7.930000
1443 7.990000
1587 8.160000
1745 8.350000
1920 8.410000
2112 8.690000
2323 9.120000
2555 9.420000
2811 9.750000
3092 10.140000
3401 10.650000
3741 11.120000
4115 11.520000
4526 12.070000
4979 12.470000
5477 13.030000
6025 13.480000
6627 14.050000
7290 14.550000
8018 14.940000
8820 15.150000
9702 15.760000
10672 16.129999
11740 16.549999
12913 16.930000
14205 17.230000
15625 17.650000
17188 17.860001
18906 17.780001
20797 17.410000
22877 17.420000
25164 17.330000
27681 17.090000
30449 16.430000
33493 15.630000
36843 15.060000
40527 14.430000
44580 13.710000
49038 13.340000
53941 12.940000
59335 12.870000
65269 12.870000
71796 12.940000
78975 12.960000
86873 12.950000
95560 12.950000
105116 12.850000
115627 12.910000
127190 12.950000
139909 12.970000
153900 12.840000
169290 13.000000
186219 12.880000
204841 12.970000
225325 12.960000
247857 12.930000
272643 13.010000
299907 13.010000
329897 12.960000
362887 12.940000
399176 13.040000
439093 12.990000
483003 12.970000
531303 12.960000
584433 13.000000
642876 13.000000
707164 12.950000
777880 13.000000
855668 12.990000
941235 12.980000
1035358 13.020000
1138894 12.990000
1252783 12.980000
1378062 12.990000
1515868 12.980000
1667455 12.870000
1834200 13.000000
2017620 13.010000
2219382 12.880000
2441320 12.840000
2685452 11.990000
2953997 12.000000
3249397 11.980000
3574336 12.020000
3931770 11.980000
4324947 11.970000
4757442 11.960000
5233186 11.880000
5756504 11.010000
6332155 10.980000
6965370 11.010000
7661907 10.990000
8428098 10.980000
9270907 10.970000
10197998 10.990000
11217798 11.020000
12339578 11.040000
13573535 10.950000
14930889 10.990000
16423978 11.010000
18066375 10.950000
19873013 11.020000
21860314 11.020000
24046345 11.030000
26450980 10.970000
29096078 11.020000
32005685 11.030000
35206254 11.020000
38726879 10.990000
42599567 10.990000
46859524 10.990000
51545476 11.000000
56700024 10.990000
62370026 11.000000
68607029 11.040000
75467731 10.970000
83014505 10.970000
91315955 10.930000
100447550 10.970000
110492305 10.990000
121541536 10.980000
133695689 11.000000
147065258 10.910000
161771784 10.990000
177948962 10.990000
195743859 11.000000
215318244 10.970000
236850069 11.030000
260535076 10.990000
286588583 10.970000
315247441 11.010000
346772186 11.000000
381449404 11.040000
419594344 11.000000
461553779 10.960000
507709157 11.070000
558480072 10.980000
614328079 10.960000
675760887 10.930000
743336976 10.990000
817670674 10.930000
899437741 10.990000
989381515 10.950000
