1.000000000000000000e+02 1.693999999999999728e+00
1.110000000000000000e+02 1.798000000000000043e+00
1.220000000000000000e+02 1.898000000000000131e+00
1.340000000000000000e+02 1.990000000000000213e+00
1.470000000000000000e+02 2.089999999999999858e+00
1.620000000000000000e+02 2.177999999999999936e+00
1.780000000000000000e+02 2.281999999999999584e+00
1.950000000000000000e+02 2.393999999999999684e+00
2.150000000000000000e+02 2.500000000000000000e+00
2.360000000000000000e+02 2.596000000000000085e+00
2.600000000000000000e+02 2.706000000000000405e+00
2.860000000000000000e+02 2.830000000000000071e+00
3.140000000000000000e+02 2.935999999999999943e+00
3.460000000000000000e+02 3.064000000000000057e+00
3.800000000000000000e+02 3.188000000000000167e+00
4.180000000000000000e+02 3.357999999999999652e+00
4.600000000000000000e+02 3.508000000000000007e+00
5.060000000000000000e+02 3.662000000000000366e+00
5.560000000000000000e+02 3.828000000000000291e+00
6.120000000000000000e+02 3.993999999999999773e+00
6.730000000000000000e+02 4.169999999999999929e+00
7.410000000000000000e+02 4.371999999999999886e+00
8.150000000000000000e+02 4.573999999999999844e+00
8.960000000000000000e+02 4.807999999999999829e+00
9.850000000000000000e+02 5.000000000000000000e+00
1.084000000000000000e+03 5.263999999999999346e+00
1.192000000000000000e+03 5.534000000000000696e+00
1.311000000000000000e+03 5.788000000000000256e+00
1.443000000000000000e+03 6.026000000000000689e+00
1.587000000000000000e+03 6.298000000000000043e+00
1.745000000000000000e+03 6.590000000000000746e+00
1.920000000000000000e+03 6.890000000000000568e+00
2.112000000000000000e+03 7.243999999999999773e+00
2.323000000000000000e+03 7.565999999999999837e+00
2.555000000000000000e+03 7.973999999999999311e+00
2.811000000000000000e+03 8.353999999999999204e+00
3.092000000000000000e+03 8.696000000000001506e+00
3.401000000000000000e+03 9.096000000000000085e+00
3.741000000000000000e+03 9.513999999999999346e+00
4.115000000000000000e+03 9.895999999999999019e+00
4.526000000000000000e+03 1.029400000000000048e+01
4.979000000000000000e+03 1.076000000000000156e+01
5.477000000000000000e+03 1.121400000000000041e+01
6.025000000000000000e+03 1.169000000000000128e+01
6.627000000000000000e+03 1.219999999999999929e+01
7.290000000000000000e+03 1.269599999999999973e+01
8.018000000000000000e+03 1.319799999999999862e+01
8.820000000000000000e+03 1.378600000000000136e+01
9.702000000000000000e+03 1.433599999999999852e+01
1.067200000000000000e+04 1.477800000000000047e+01
1.174000000000000000e+04 1.519999999999999929e+01
1.291300000000000000e+04 1.576000000000000156e+01
1.420500000000000000e+04 1.634200000000000230e+01
1.562500000000000000e+04 1.694000000000000128e+01
1.718800000000000000e+04 1.759400000000000119e+01
1.890600000000000000e+04 1.828999999999999915e+01
2.079700000000000000e+04 1.884400000000000119e+01
2.287700000000000000e+04 1.953800000000000026e+01
2.516400000000000000e+04 2.020200000000000173e+01
2.768100000000000000e+04 2.088599999999999923e+01
3.044900000000000000e+04 2.146199999999999619e+01
3.349300000000000000e+04 2.215800000000000125e+01
3.684300000000000000e+04 2.266199999999999903e+01
4.052700000000000000e+04 2.313600000000000279e+01
4.458000000000000000e+04 2.378200000000000003e+01
4.903800000000000000e+04 2.451200000000000045e+01
5.394100000000000000e+04 2.509399999999999764e+01
5.933500000000000000e+04 2.563799999999999812e+01
6.526900000000000000e+04 2.608600000000000207e+01
7.179600000000000000e+04 2.677200000000000202e+01
7.897500000000000000e+04 2.737800000000000367e+01
8.687300000000000000e+04 2.800400000000000134e+01
9.556000000000000000e+04 2.846600000000000108e+01
1.051160000000000000e+05 2.904400000000000048e+01
1.156270000000000000e+05 2.959199999999999520e+01
1.271900000000000000e+05 3.008400000000000318e+01
1.399090000000000000e+05 3.054200000000000159e+01
1.539000000000000000e+05 3.105799999999999983e+01
1.692900000000000000e+05 3.144399999999999906e+01
1.862190000000000000e+05 3.191000000000000369e+01
2.048410000000000000e+05 3.244400000000000261e+01
2.253250000000000000e+05 3.269599999999999795e+01
2.478570000000000000e+05 3.302399999999999380e+01
2.726430000000000000e+05 3.332800000000000296e+01
2.999070000000000000e+05 3.375200000000000244e+01
3.298970000000000000e+05 3.381400000000000716e+01
3.628870000000000000e+05 3.417399999999999949e+01
3.991760000000000000e+05 3.452800000000000580e+01
4.390930000000000000e+05 3.439000000000000057e+01
4.830030000000000000e+05 3.432600000000000051e+01
5.313030000000000000e+05 3.480400000000000205e+01
5.844330000000000000e+05 3.498200000000000642e+01
6.428760000000000000e+05 3.499599999999999511e+01
7.071640000000000000e+05 3.474200000000000443e+01
7.778800000000000000e+05 3.450400000000000489e+01
8.556680000000000000e+05 3.407399999999999807e+01
9.412350000000000000e+05 3.427800000000000580e+01
1.035358000000000000e+06 3.410600000000000165e+01
1.138894000000000000e+06 3.377000000000000313e+01
1.252783000000000000e+06 3.329800000000000182e+01
1.378062000000000000e+06 3.352599999999999625e+01
1.515868000000000000e+06 3.320000000000000284e+01
1.667455000000000000e+06 3.286800000000000210e+01
1.834200000000000000e+06 3.247000000000000597e+01
2.017620000000000000e+06 3.235399999999999920e+01
2.219382000000000000e+06 3.178399999999999892e+01
2.441320000000000000e+06 3.197799999999999798e+01
2.685452000000000000e+06 3.149800000000000111e+01
2.953997000000000000e+06 3.119599999999999795e+01
3.249397000000000000e+06 3.076399999999999935e+01
3.574336000000000000e+06 3.073000000000000043e+01
3.931770000000000000e+06 3.063999999999999702e+01
4.324947000000000000e+06 3.017799999999999727e+01
4.757442000000000000e+06 2.975400000000000134e+01
5.233186000000000000e+06 2.963999999999999702e+01
5.756504000000000000e+06 2.940800000000000480e+01
6.332155000000000000e+06 2.882000000000000028e+01
6.965370000000000000e+06 2.841999999999999815e+01
7.661907000000000000e+06 2.846399999999999864e+01
8.428098000000000000e+06 2.816199999999999903e+01
9.270907000000000000e+06 2.772199999999999775e+01
1.019799800000000000e+07 2.786999999999999744e+01
1.121779800000000000e+07 2.741399999999999793e+01
1.233957800000000000e+07 2.696000000000000085e+01
1.357353500000000000e+07 2.643599999999999994e+01
1.493088900000000000e+07 2.638199999999999790e+01
1.642397800000000000e+07 2.611999999999999744e+01
1.806637500000000000e+07 2.549399999999999977e+01
1.987301300000000000e+07 2.571199999999999974e+01
2.186031400000000000e+07 2.564999999999999858e+01
2.404634500000000000e+07 2.507800000000000296e+01
2.645098000000000000e+07 2.500799999999999912e+01
2.909607800000000000e+07 2.516199999999999903e+01
3.200568500000000000e+07 2.466199999999999903e+01
3.520625400000000000e+07 2.433599999999999852e+01
3.872687900000000000e+07 2.411600000000000321e+01
4.259956700000000000e+07 2.416199999999999903e+01
4.685952400000000000e+07 2.379799999999999827e+01
5.154547600000000000e+07 2.378999999999999915e+01
5.670002400000000000e+07 2.325399999999999778e+01
6.237002600000000000e+07 2.299600000000000222e+01
6.860702900000000000e+07 2.274600000000000222e+01
7.546773100000000000e+07 2.237199999999999989e+01
8.301450500000000000e+07 2.205399999999999849e+01
9.131595500000000000e+07 2.158200000000000074e+01
1.004475500000000000e+08 2.104199999999999804e+01
1.104923050000000000e+08 2.092200000000000060e+01
1.215415360000000000e+08 2.091399999999999793e+01
1.336956890000000000e+08 2.081400000000000006e+01
1.470652580000000000e+08 2.055600000000000094e+01
1.617717840000000000e+08 2.057600000000000051e+01
1.779489620000000000e+08 2.063600000000000279e+01
1.957438590000000000e+08 2.019600000000000151e+01
2.153182440000000000e+08 2.014999999999999858e+01
2.368500690000000000e+08 1.996000000000000085e+01
2.605350760000000000e+08 1.995599999999999952e+01
2.865885830000000000e+08 1.926799999999999713e+01
3.152474410000000000e+08 1.902400000000000091e+01
3.467721860000000000e+08 1.872800000000000153e+01
3.814494040000000000e+08 1.842200000000000060e+01
4.195943440000000000e+08 1.851200000000000045e+01
4.615537790000000000e+08 1.822599999999999909e+01
5.077091570000000000e+08 1.783000000000000185e+01
5.584800720000000000e+08 1.807600000000000051e+01
6.143280790000000000e+08 1.786599999999999611e+01
6.757608870000000000e+08 1.778600000000000136e+01
7.433369760000000000e+08 1.744200000000000017e+01
8.176706740000000000e+08 1.724600000000000222e+01
8.994377410000000000e+08 1.739799999999999969e+01
9.893815150000000000e+08 1.736400000000000077e+01
