100 1.710000
111 1.780000
122 1.880000
134 2.000000
147 2.130000
162 2.240000
178 2.350000
195 2.470000
215 2.570000
236 2.730000
260 2.830000
286 2.960000
314 3.110000
346 3.210000
380 3.330000
418 3.490000
460 3.620000
506 3.770000
556 3.890000
612 4.080000
673 4.270000
741 4.430000
815 4.680000
896 4.930000
985 5.240000
1084 5.430000
1192 5.620000
1311 5.900000
1443 6.140000
1587 6.470000
1745 6.710000
1920 6.970000
2112 7.260000
2323 7.560000
2555 8.070000
2811 8.370000
3092 8.730000
3401 9.180000
3741 9.510000
4115 9.900000
4526 10.390000
4979 10.870000
5477 11.370000
6025 11.980000
6627 12.440000
7290 12.980000
8018 13.480000
8820 14.200000
9702 14.800000
10672 15.620000
11740 16.200000
12913 16.830000
14205 17.450000
15625 18.250000
17188 19.000000
18906 19.830000
20797 20.640000
22877 21.500000
25164 22.330000
27681 23.210000
30449 23.800000
33493 24.540000
36843 24.860000
40527 24.710000
44580 24.580000
49038 23.960000
53941 23.310000
59335 21.960000
65269 20.520000
71796 19.070000
78975 17.350000
86873 16.730000
95560 15.870000
105116 14.890000
115627 14.560000
127190 13.680000
139909 13.580000
153900 13.950000
169290 13.320000
186219 13.050000
204841 13.050000
225325 12.800000
247857 12.770000
272643 12.350000
299907 12.560000
329897 12.230000
362887 12.210000
399176 12.430000
439093 12.570000
483003 11.770000
531303 12.170000
584433 12.040000
642876 11.710000
707164 11.560000
777880 11.240000
855668 11.320000
941235 11.410000
1035358 11.430000
1138894 11.400000
1252783 11.150000
1378062 11.000000
1515868 11.220000
1667455 11.010000
1834200 11.160000
2017620 11.140000
2219382 10.930000
2441320 10.920000
2685452 10.830000
2953997 10.590000
3249397 10.600000
3574336 10.770000
3931770 10.720000
4324947 10.660000
4757442 10.600000
5233186 10.720000
5756504 10.660000
6332155 10.640000
6965370 10.580000
7661907 10.630000
8428098 10.660000
9270907 10.600000
10197998 10.740000
11217798 10.640000
12339578 10.590000
13573535 10.550000
14930889 10.620000
16423978 10.570000
18066375 10.530000
19873013 10.570000
21860314 10.540000
24046345 10.520000
26450980 10.590000
29096078 10.500000
32005685 10.520000
35206254 10.570000
38726879 10.520000
42599567 10.530000
46859524 10.520000
51545476 10.530000
56700024 10.560000
62370026 10.540000
68607029 10.520000
75467731 10.500000
83014505 10.540000
91315955 10.520000
100447550 10.500000
110492305 10.500000
121541536 10.560000
133695689 10.520000
147065258 10.540000
161771784 10.540000
177948962 10.500000
195743859 10.500000
215318244 10.580000
236850069 10.520000
260535076 10.520000
286588583 10.540000
315247441 10.500000
346772186 10.500000
381449404 10.520000
419594344 10.540000
461553779 10.520000
507709157 10.520000
558480072 10.500000
614328079 10.520000
675760887 10.500000
743336976 10.520000
817670674 10.520000
899437741 10.540000
989381515 10.520000
100 10.550000
111 10.550000
122 10.550000
134 10.570000
147 10.570000
162 10.570000
178 10.570000
195 10.570000
215 10.600000
236 10.630000
260 10.630000
286 10.630000
314 10.630000
346 10.630000
380 10.650000
418 10.680000
460 10.760000
506 10.800000
556 10.840000
612 10.910000
673 10.920000
741 10.970000
815 11.080000
896 11.080000
985 11.160000
1084 11.360000
1192 11.550000
1311 11.720000
1443 11.870000
1587 12.160000
1745 12.290000
1920 12.520000
2112 12.680000
2323 12.950000
2555 13.240000
2811 13.470000
3092 13.900000
3401 14.460000
3741 15.000000
4115 15.640000
4526 16.330000
4979 17.170000
5477 17.790000
6025 18.410000
6627 19.260000
7290 20.060000
8018 20.840000
8820 21.660000
9702 22.270000
10672 22.970000
11740 23.850000
12913 24.850000
14205 25.690000
15625 26.420000
17188 27.040000
18906 27.700000
20797 28.320000
22877 29.100000
25164 29.710000
27681 30.170000
30449 30.000000
33493 30.050000
36843 30.190000
40527 30.340000
44580 29.730000
49038 29.730000
53941 29.620000
59335 28.870000
65269 28.390000
71796 27.760000
78975 27.580000
86873 27.380000
95560 27.120000
105116 27.490000
115627 27.080000
127190 27.100000
139909 27.650000
153900 27.710000
169290 27.490000
186219 27.690000
204841 27.300000
225325 27.250000
247857 27.420000
272643 27.250000
299907 26.770000
329897 27.170000
362887 27.260000
399176 26.990000
439093 27.100000
483003 27.160000
531303 27.100000
584433 27.040000
642876 27.540000
707164 26.700000
777880 26.300000
855668 26.300000
941235 26.130000
1035358 25.780000
1138894 25.800000
1252783 25.190000
1378062 25.380000
1515868 25.130000
1667455 25.150000
1834200 25.030000
2017620 25.270000
2219382 24.980000
2441320 24.910000
2685452 25.190000
2953997 24.960000
3249397 24.680000
3574336 24.890000
3931770 24.370000
4324947 24.400000
4757442 24.220000
5233186 24.300000
5756504 24.090000
6332155 24.140000
6965370 24.110000
7661907 24.040000
8428098 23.900000
9270907 24.010000
10197998 23.730000
11217798 23.900000
12339578 24.090000
13573535 23.860000
14930889 24.190000
16423978 23.920000
18066375 23.660000
19873013 24.010000
21860314 23.990000
24046345 23.750000
26450980 23.680000
29096078 23.950000
32005685 23.630000
35206254 23.780000
38726879 23.640000
42599567 23.640000
46859524 23.640000
51545476 23.600000
56700024 23.500000
62370026 23.820000
68607029 23.940000
75467731 23.640000
83014505 23.660000
91315955 23.740000
100447550 23.840000
110492305 23.540000
121541536 23.500000
133695689 23.670000
147065258 23.620000
161771784 23.480000
177948962 23.760000
195743859 23.610000
215318244 23.700000
236850069 23.560000
260535076 23.560000
286588583 23.700000
315247441 23.700000
346772186 23.480000
381449404 23.440000
419594344 23.720000
461553779 23.520000
507709157 23.620000
558480072 23.840000
614328079 23.820000
675760887 23.580000
743336976 23.460000
817670674 23.700000
899437741 23.600000
989381515 23.760000
