100 1.700000
111 1.790000
122 1.880000
134 2.010000
147 2.120000
162 2.210000
178 2.330000
195 2.420000
215 2.510000
236 2.660000
260 2.800000
286 2.930000
314 3.070000
346 3.220000
380 3.350000
418 3.520000
460 3.670000
506 3.810000
556 3.990000
612 4.210000
673 4.340000
741 4.490000
815 4.730000
896 4.950000
985 5.170000
1084 5.430000
1192 5.670000
1311 5.950000
1443 6.280000
1587 6.610000
1745 6.940000
1920 7.300000
2112 7.650000
2323 7.980000
2555 8.430000
2811 8.760000
3092 9.110000
3401 9.490000
3741 9.850000
4115 10.260000
4526 10.740000
4979 11.160000
5477 11.580000
6025 12.110000
6627 12.640000
7290 13.170000
8018 13.700000
8820 14.280000
9702 14.930000
10672 15.550000
11740 16.270000
12913 16.870000
14205 17.670000
15625 18.270000
17188 19.160000
18906 20.030000
20797 20.930000
22877 21.830000
25164 22.820000
27681 23.640000
30449 24.330000
33493 25.030000
36843 25.220000
40527 25.480000
44580 25.770000
49038 24.880000
53941 24.110000
59335 22.940000
65269 21.970000
71796 19.900000
78975 18.500000
86873 17.310000
95560 16.050000
105116 15.310000
115627 14.600000
127190 14.300000
139909 14.080000
153900 13.830000
169290 13.290000
186219 12.840000
204841 13.010000
225325 12.570000
247857 13.050000
272643 12.870000
299907 12.540000
329897 12.540000
362887 12.470000
399176 12.010000
439093 11.830000
483003 11.650000
531303 11.690000
584433 11.710000
642876 11.650000
707164 11.640000
777880 11.590000
855668 11.400000
941235 11.300000
1035358 11.260000
1138894 11.390000
1252783 11.050000
1378062 10.970000
1515868 11.170000
1667455 11.150000
1834200 11.070000
2017620 10.920000
2219382 10.850000
2441320 10.860000
2685452 10.800000
2953997 10.890000
3249397 10.730000
3574336 10.770000
3931770 10.710000
4324947 10.770000
4757442 10.600000
5233186 10.710000
5756504 10.670000
6332155 10.790000
6965370 10.730000
7661907 10.590000
8428098 10.620000
9270907 10.570000
10197998 10.560000
11217798 10.540000
12339578 10.630000
13573535 10.540000
14930889 10.590000
16423978 10.560000
18066375 10.500000
19873013 10.570000
21860314 10.610000
24046345 10.520000
26450980 10.540000
29096078 10.560000
32005685 10.550000
35206254 10.520000
38726879 10.520000
42599567 10.520000
46859524 10.520000
51545476 10.500000
56700024 10.540000
62370026 10.580000
68607029 10.500000
75467731 10.550000
83014505 10.520000
91315955 10.520000
100447550 10.540000
110492305 10.520000
121541536 10.540000
133695689 10.520000
147065258 10.520000
161771784 10.540000
177948962 10.520000
195743859 10.500000
215318244 10.520000
236850069 10.540000
260535076 10.540000
286588583 10.520000
315247441 10.520000
346772186 10.500000
381449404 10.540000
419594344 10.500000
461553779 10.520000
507709157 10.520000
558480072 10.520000
614328079 10.500000
675760887 10.500000
743336976 10.500000
817670674 10.520000
899437741 10.620000
989381515 10.500000
100 10.550000
111 10.550000
122 10.550000
134 10.550000
147 10.550000
162 10.550000
178 10.550000
195 10.570000
215 10.610000
236 10.610000
260 10.610000
286 10.620000
314 10.620000
346 10.620000
380 10.660000
418 10.660000
460 10.690000
506 10.720000
556 10.760000
612 10.790000
673 10.850000
741 10.870000
815 10.940000
896 11.010000
985 11.120000
1084 11.190000
1192 11.250000
1311 11.360000
1443 11.470000
1587 11.740000
1745 11.880000
1920 12.170000
2112 12.390000
2323 12.780000
2555 13.270000
2811 13.640000
3092 14.070000
3401 14.560000
3741 15.220000
4115 15.760000
4526 16.320000
4979 17.070000
5477 17.750000
6025 18.360000
6627 19.100000
7290 19.980000
8018 20.850000
8820 21.650000
9702 22.810000
10672 23.650000
11740 24.890000
12913 25.760000
14205 26.730000
15625 27.420000
17188 28.080000
18906 28.970000
20797 29.240000
22877 29.830000
25164 30.460000
27681 30.770000
30449 30.750000
33493 30.750000
36843 30.860000
40527 31.170000
44580 30.400000
49038 30.480000
53941 30.000000
59335 29.420000
65269 29.380000
71796 28.470000
78975 28.250000
86873 27.860000
95560 27.850000
105116 27.790000
115627 28.000000
127190 28.190000
139909 28.110000
153900 28.330000
169290 28.540000
186219 28.500000
204841 28.740000
225325 28.640000
247857 28.750000
272643 28.990000
299907 28.630000
329897 28.810000
362887 28.920000
399176 29.140000
439093 28.880000
483003 28.960000
531303 28.490000
584433 28.640000
642876 28.550000
707164 28.410000
777880 28.220000
855668 28.430000
941235 28.150000
1035358 27.880000
1138894 28.030000
1252783 27.640000
1378062 27.190000
1515868 26.910000
1667455 26.580000
1834200 26.350000
2017620 26.430000
2219382 26.050000
2441320 25.440000
2685452 24.800000
2953997 25.050000
3249397 24.910000
3574336 24.770000
3931770 24.440000
4324947 24.780000
4757442 24.700000
5233186 24.570000
5756504 24.370000
6332155 24.570000
6965370 24.290000
7661907 24.260000
8428098 23.920000
9270907 23.860000
10197998 23.930000
11217798 24.220000
12339578 24.050000
13573535 23.820000
14930889 24.270000
16423978 24.050000
18066375 24.080000
19873013 24.180000
21860314 23.730000
24046345 23.940000
26450980 23.860000
29096078 23.930000
32005685 23.810000
35206254 23.800000
38726879 23.760000
42599567 23.830000
46859524 23.670000
51545476 23.580000
56700024 23.500000
62370026 23.650000
68607029 23.680000
75467731 23.790000
83014505 23.890000
91315955 23.900000
100447550 23.740000
110492305 23.580000
121541536 23.690000
133695689 23.730000
147065258 23.640000
161771784 23.510000
177948962 23.590000
195743859 23.810000
215318244 23.570000
236850069 23.770000
260535076 23.640000
286588583 23.700000
315247441 23.490000
346772186 22.800000
381449404 22.280000
419594344 22.400000
461553779 22.370000
507709157 22.620000
558480072 22.470000
614328079 22.530000
675760887 22.620000
743336976 22.550000
817670674 22.670000
899437741 22.270000
989381515 22.510000
