0.000000000000000000e+00 2.085914667478034885e-04
0.000000000000000000e+00 3.518900964790001298e-04
0.000000000000000000e+00 3.513245792710779089e-04
0.000000000000000000e+00 4.172976875085697814e-04
0.000000000000000000e+00 4.573458210151263334e-04
0.000000000000000000e+00 3.288796740450829529e-04
0.000000000000000000e+00 3.295552154040351425e-04
0.000000000000000000e+00 2.788437555334528310e-04
0.000000000000000000e+00 2.625363974766165161e-04
0.000000000000000000e+00 3.145392821254604904e-04
0.000000000000000000e+00 2.300683376738311373e-04
0.000000000000000000e+00 2.838932193624919983e-04
0.000000000000000000e+00 3.331548588869746733e-04
0.000000000000000000e+00 3.327632191213446299e-04
0.000000000000000000e+00 2.785601550832423256e-04
0.000000000000000000e+00 1.974973417542626218e-04
0.000000000000000000e+00 1.510623712246038028e-04
0.000000000000000000e+00 2.169742841905464075e-04
0.000000000000000000e+00 1.510822292660523247e-04
0.000000000000000000e+00 1.196003344476928950e-04
0.000000000000000000e+00 1.197153290101146455e-04
0.000000000000000000e+00 9.387523635123374188e-05
0.000000000000000000e+00 1.685740193505511661e-04
0.000000000000000000e+00 2.606310802648065120e-04
0.000000000000000000e+00 3.252399729430562611e-04
0.000000000000000000e+00 3.374474773946309846e-04
0.000000000000000000e+00 2.547458341170666103e-04
0.000000000000000000e+00 2.463793822542787067e-04
0.000000000000000000e+00 3.700821530417266829e-04
0.000000000000000000e+00 2.445109404505247221e-04
0.000000000000000000e+00 2.694428325266789970e-04
0.000000000000000000e+00 2.054374844082745518e-04
0.000000000000000000e+00 1.477733399500734586e-04
0.000000000000000000e+00 2.249942221480365190e-04
0.000000000000000000e+00 1.651476914764478333e-04
0.000000000000000000e+00 2.492797625159329732e-04
0.000000000000000000e+00 1.768475049300949646e-04
0.000000000000000000e+00 3.226221319128617666e-04
0.000000000000000000e+00 3.548467838377570953e-04
0.000000000000000000e+00 1.995053883984088615e-04
0.000000000000000000e+00 2.906940659869066182e-04
0.000000000000000000e+00 3.973428746057991521e-04
0.000000000000000000e+00 5.253755228405678412e-04
0.000000000000000000e+00 5.862840949573852297e-04
0.000000000000000000e+00 5.183066273934762089e-04
0.000000000000000000e+00 3.776534919737931767e-04
0.000000000000000000e+00 3.167184238404832848e-04
0.000000000000000000e+00 4.217400147010001666e-04
0.000000000000000000e+00 4.225222361012497072e-04
0.000000000000000000e+00 6.494977752078909001e-04
0.000000000000000000e+00 4.839117274875654774e-04
0.000000000000000000e+00 6.934266796136419721e-04
0.000000000000000000e+00 4.620872644858327804e-04
0.000000000000000000e+00 6.079774995836601361e-04
0.000000000000000000e+00 7.514363845329824617e-04
0.000000000000000000e+00 5.385710723757818584e-04
0.000000000000000000e+00 8.436102417585982297e-04
0.000000000000000000e+00 7.132473904614016792e-04
0.000000000000000000e+00 1.082782785234416350e-03
0.000000000000000000e+00 1.382444877743773748e-03
0.000000000000000000e+00 1.653195765782141356e-03
0.000000000000000000e+00 9.404824293946170569e-04
0.000000000000000000e+00 9.703872629007456252e-04
0.000000000000000000e+00 9.208143352489682855e-04
0.000000000000000000e+00 6.411940735845893637e-04
0.000000000000000000e+00 8.085467457110943760e-04
0.000000000000000000e+00 1.256367080116317213e-03
0.000000000000000000e+00 1.175054620007088668e-03
0.000000000000000000e+00 1.374835641085873006e-03
0.000000000000000000e+00 1.726828236970892258e-03
0.000000000000000000e+00 1.803305742241176129e-03
0.000000000000000000e+00 1.386900630903310219e-03
0.000000000000000000e+00 1.670245083812553575e-03
0.000000000000000000e+00 1.778226869665398878e-03
0.000000000000000000e+00 2.029190636682517632e-03
0.000000000000000000e+00 2.070851225945505216e-03
0.000000000000000000e+00 2.154937029242383686e-03
0.000000000000000000e+00 1.996513621290873456e-03
0.000000000000000000e+00 2.244318836529251605e-03
0.000000000000000000e+00 2.120703524776624323e-03
0.000000000000000000e+00 2.940405781520639538e-03
0.000000000000000000e+00 2.880698706911223247e-03
0.000000000000000000e+00 2.717684264222020290e-03
0.000000000000000000e+00 3.045249914210654968e-03
0.000000000000000000e+00 2.764879917826452895e-03
0.000000000000000000e+00 3.089231788001672169e-03
0.000000000000000000e+00 3.534870373860972415e-03
0.000000000000000000e+00 3.573979832063968638e-03
0.000000000000000000e+00 4.521887862386684241e-03
0.000000000000000000e+00 4.410695772777805355e-03
0.000000000000000000e+00 4.170079068794740884e-03
0.000000000000000000e+00 4.141763952713868428e-03
0.000000000000000000e+00 4.058697081576796532e-03
0.000000000000000000e+00 4.121040616155100325e-03
0.000000000000000000e+00 3.170390979043434358e-03
0.000000000000000000e+00 3.937775087533571666e-03
0.000000000000000000e+00 3.389705273323917120e-03
0.000000000000000000e+00 3.125877284859402989e-03
0.000000000000000000e+00 3.906222185180966908e-03
0.000000000000000000e+00 4.260666079382427474e-03
0.000000000000000000e+00 3.913339423050339605e-03
0.000000000000000000e+00 4.430405823398120627e-03
0.000000000000000000e+00 4.754806343059620084e-03
0.000000000000000000e+00 4.014887465421666454e-03
0.000000000000000000e+00 4.732802527044627054e-03
0.000000000000000000e+00 4.896408994354948738e-03
0.000000000000000000e+00 4.477883589375675211e-03
0.000000000000000000e+00 4.681065477004134855e-03
0.000000000000000000e+00 5.019148955749366120e-03
0.000000000000000000e+00 5.832205689102538948e-03
0.000000000000000000e+00 5.753635386431783273e-03
0.000000000000000000e+00 7.444004556688556956e-03
0.000000000000000000e+00 6.839445228964118918e-03
0.000000000000000000e+00 8.038391744621554286e-03
0.000000000000000000e+00 8.471658335886774957e-03
0.000000000000000000e+00 9.550081285517935878e-03
0.000000000000000000e+00 1.230558874008067308e-02
0.000000000000000000e+00 9.790839077423341141e-03
0.000000000000000000e+00 1.060144532410558019e-02
0.000000000000000000e+00 1.219032969857664420e-02
0.000000000000000000e+00 8.791368052811795661e-03
0.000000000000000000e+00 1.372174867864879924e-02
0.000000000000000000e+00 1.653795411772568391e-02
0.000000000000000000e+00 1.801651459744641609e-02
0.000000000000000000e+00 1.761454271901486887e-02
0.000000000000000000e+00 1.941069476757594295e-02
0.000000000000000000e+00 1.903797833174521517e-02
0.000000000000000000e+00 1.698383375566305670e-02
0.000000000000000000e+00 1.473559838486376665e-02
0.000000000000000000e+00 1.296865045253359390e-02
0.000000000000000000e+00 1.468745284383918617e-02
0.000000000000000000e+00 1.350172882263601243e-02
0.000000000000000000e+00 1.129075954220972074e-02
0.000000000000000000e+00 1.211876759410790948e-02
0.000000000000000000e+00 1.092083120646044486e-02
0.000000000000000000e+00 1.253408487924029084e-02
0.000000000000000000e+00 1.611238000296665723e-02
0.000000000000000000e+00 2.051370709160095507e-02
0.000000000000000000e+00 2.324490687096852221e-02
0.000000000000000000e+00 2.369994201680672083e-02
0.000000000000000000e+00 2.420100539233854126e-02
0.000000000000000000e+00 2.772651582582995322e-02
0.000000000000000000e+00 3.852437876150632823e-02
0.000000000000000000e+00 3.894067419241738215e-02
0.000000000000000000e+00 3.702308694855143550e-02
0.000000000000000000e+00 3.405818374722880543e-02
0.000000000000000000e+00 3.301351362336339690e-02
0.000000000000000000e+00 4.009087843587367389e-02
0.000000000000000000e+00 4.397910977089008328e-02
0.000000000000000000e+00 5.446276407601803593e-02
0.000000000000000000e+00 5.164749930287040186e-02
0.000000000000000000e+00 4.787489197731936708e-02
0.000000000000000000e+00 4.399071395919824240e-02
0.000000000000000000e+00 2.579495953088510596e-02
0.000000000000000000e+00 1.921180023839511725e-02
0.000000000000000000e+00 2.997767855855417232e-02
0.000000000000000000e+00 2.136937792824112822e-02
0.000000000000000000e+00 2.389387571408205235e-02
0.000000000000000000e+00 8.427737371323325635e-03
0.000000000000000000e+00 1.187086082135580326e-02
0.000000000000000000e+00 7.301228044651106482e-03
0.000000000000000000e+00 2.579974464989909493e-03
0.000000000000000000e+00 1.868410233326738175e-03
0.000000000000000000e+00 1.059223210470768180e-02
0.000000000000000000e+00 8.487851553838580282e-03
0.000000000000000000e+00 6.645459592834778058e-03
0.000000000000000000e+00 8.721231504781885857e-03
0.000000000000000000e+00 4.483896359194753170e-03
0.000000000000000000e+00 8.189293854783839463e-03
0.000000000000000000e+00 5.390965909741974628e-03
