0.000000000000000000e+00 4.543126676640216188e-02
0.000000000000000000e+00 5.491812087098389694e-02
0.000000000000000000e+00 5.678027826631355107e-02
0.000000000000000000e+00 6.164414002968978540e-02
0.000000000000000000e+00 7.536577472566717562e-02
0.000000000000000000e+00 7.989993742175263702e-02
0.000000000000000000e+00 7.227724399837062719e-02
0.000000000000000000e+00 7.194442299441980437e-02
0.000000000000000000e+00 7.552483035399676359e-02
0.000000000000000000e+00 9.303762679690397164e-02
0.000000000000000000e+00 7.282856582413244073e-02
0.000000000000000000e+00 5.979966555090415747e-02
0.000000000000000000e+00 6.916646586316235745e-02
0.000000000000000000e+00 6.209669878504011503e-02
0.000000000000000000e+00 5.678027826631353719e-02
0.000000000000000000e+00 8.221921916437789635e-02
0.000000000000000000e+00 7.138627319029892948e-02
0.000000000000000000e+00 5.491812087098390388e-02
0.000000000000000000e+00 5.268775948927797298e-02
0.000000000000000000e+00 6.228964600958973585e-02
0.000000000000000000e+00 5.035871324805656774e-02
0.000000000000000000e+00 5.003998401278730163e-02
0.000000000000000000e+00 5.851495535331129039e-02
0.000000000000000000e+00 5.571355310873658123e-02
0.000000000000000000e+00 8.671793355471499321e-02
0.000000000000000000e+00 7.249827584156728899e-02
0.000000000000000000e+00 8.494704232638111696e-02
0.000000000000000000e+00 1.114271062174731208e-01
0.000000000000000000e+00 1.455197581086498104e-01
0.000000000000000000e+00 1.437497826085313013e-01
0.000000000000000000e+00 1.539610340313417591e-01
0.000000000000000000e+00 1.431083505599863026e-01
0.000000000000000000e+00 1.260793400997959890e-01
0.000000000000000000e+00 1.323026832683299459e-01
0.000000000000000000e+00 1.260793400997958780e-01
0.000000000000000000e+00 1.366747965061593795e-01
0.000000000000000000e+00 1.204325537385965983e-01
0.000000000000000000e+00 1.349962962454896165e-01
0.000000000000000000e+00 1.113552872566009183e-01
0.000000000000000000e+00 1.261110621634750906e-01
0.000000000000000000e+00 1.602997192761110579e-01
0.000000000000000000e+00 1.071447618878307306e-01
0.000000000000000000e+00 1.174052809715135093e-01
0.000000000000000000e+00 1.007174264961135240e-01
0.000000000000000000e+00 1.070700705145934406e-01
0.000000000000000000e+00 8.114185110040383897e-02
0.000000000000000000e+00 1.443052320603797622e-01
0.000000000000000000e+00 1.438610440668359469e-01
0.000000000000000000e+00 1.506784656146989698e-01
0.000000000000000000e+00 1.397998569384104328e-01
0.000000000000000000e+00 1.325141501878198957e-01
0.000000000000000000e+00 9.736529155710495209e-02
0.000000000000000000e+00 1.048045800525907317e-01
0.000000000000000000e+00 7.782030583337504193e-02
0.000000000000000000e+00 1.425482374496441218e-01
0.000000000000000000e+00 1.021763181955579053e-01
0.000000000000000000e+00 1.030339749791297776e-01
0.000000000000000000e+00 1.197330363767663969e-01
0.000000000000000000e+00 9.325234581499858288e-02
0.000000000000000000e+00 1.076289923765894607e-01
0.000000000000000000e+00 1.426323946374039031e-01
0.000000000000000000e+00 1.302919797992180551e-01
0.000000000000000000e+00 1.642437213411835073e-01
0.000000000000000000e+00 1.836954000512805441e-01
0.000000000000000000e+00 2.446548589339683222e-01
0.000000000000000000e+00 3.301878253358237481e-01
0.000000000000000000e+00 3.371883746513217872e-01
0.000000000000000000e+00 2.562342678097527804e-01
0.000000000000000000e+00 1.746539435569660070e-01
0.000000000000000000e+00 1.620617166390628250e-01
0.000000000000000000e+00 1.580632784678330793e-01
0.000000000000000000e+00 1.863974248749178386e-01
0.000000000000000000e+00 1.985346317396529947e-01
0.000000000000000000e+00 1.633891061240011489e-01
0.000000000000000000e+00 2.202180737360138751e-01
0.000000000000000000e+00 2.013554071784517674e-01
0.000000000000000000e+00 1.983935482821949925e-01
0.000000000000000000e+00 1.992586259111500668e-01
0.000000000000000000e+00 1.626775952613022380e-01
0.000000000000000000e+00 1.590723106011843746e-01
0.000000000000000000e+00 1.983532202914788101e-01
0.000000000000000000e+00 8.114185110040245119e-02
0.000000000000000000e+00 1.413364779524385051e-01
0.000000000000000000e+00 1.390827092057111969e-01
0.000000000000000000e+00 2.457966639317964996e-01
0.000000000000000000e+00 2.688494002225058077e-01
0.000000000000000000e+00 2.664282267328297871e-01
0.000000000000000000e+00 3.414322773259725885e-01
0.000000000000000000e+00 3.878453299963797729e-01
0.000000000000000000e+00 3.883091551843732003e-01
0.000000000000000000e+00 3.188479261340751436e-01
0.000000000000000000e+00 3.198499648272571938e-01
0.000000000000000000e+00 3.247768464653851828e-01
0.000000000000000000e+00 2.480806320533711917e-01
0.000000000000000000e+00 2.032338554473618053e-01
0.000000000000000000e+00 1.799333209830777935e-01
0.000000000000000000e+00 1.355581056226426995e-01
0.000000000000000000e+00 1.521052267346536535e-01
0.000000000000000000e+00 2.309458811063781203e-01
0.000000000000000000e+00 2.606453529223181631e-01
0.000000000000000000e+00 2.198726904369855961e-01
0.000000000000000000e+00 1.570222914111246704e-01
0.000000000000000000e+00 1.172006825918721074e-01
0.000000000000000000e+00 7.589466384404024157e-02
0.000000000000000000e+00 1.222456543194909012e-01
0.000000000000000000e+00 1.861827059637913839e-01
0.000000000000000000e+00 1.013114011353134086e-01
0.000000000000000000e+00 2.142335174523386787e-01
0.000000000000000000e+00 2.370991353843336646e-01
0.000000000000000000e+00 3.031567251439425403e-01
0.000000000000000000e+00 2.724408192617269742e-01
0.000000000000000000e+00 2.825597281991870657e-01
0.000000000000000000e+00 2.262741699796964046e-01
0.000000000000000000e+00 2.652847526715366722e-01
0.000000000000000000e+00 2.488051446413416523e-01
0.000000000000000000e+00 2.429320892759929684e-01
0.000000000000000000e+00 1.839999999999996638e-01
0.000000000000000000e+00 1.979292802998090517e-01
0.000000000000000000e+00 1.727888885316413436e-01
0.000000000000000000e+00 2.142521878534739688e-01
0.000000000000000000e+00 2.247309502494058142e-01
0.000000000000000000e+00 2.219008787724857934e-01
0.000000000000000000e+00 1.473227748856241193e-01
0.000000000000000000e+00 1.889338508579121723e-01
0.000000000000000000e+00 3.036708744677388827e-01
0.000000000000000000e+00 3.795576372568454926e-01
0.000000000000000000e+00 2.984359227707026885e-01
0.000000000000000000e+00 3.226143208228656190e-01
0.000000000000000000e+00 2.950660942907546991e-01
0.000000000000000000e+00 2.644692798795330035e-01
0.000000000000000000e+00 2.188515478583591134e-01
0.000000000000000000e+00 1.886160120456359390e-01
0.000000000000000000e+00 1.806211504780105559e-01
0.000000000000000000e+00 2.258672176301758927e-01
0.000000000000000000e+00 1.859462287867111596e-01
0.000000000000000000e+00 2.490461804565531900e-01
0.000000000000000000e+00 2.519206224190397858e-01
0.000000000000000000e+00 2.061455796276003838e-01
0.000000000000000000e+00 2.127533783515563326e-01
0.000000000000000000e+00 2.507269431074367061e-01
0.000000000000000000e+00 2.876108481959605001e-01
0.000000000000000000e+00 2.520634840670156751e-01
0.000000000000000000e+00 2.032732151563519662e-01
0.000000000000000000e+00 1.882126456963011119e-01
0.000000000000000000e+00 1.907249328221130580e-01
0.000000000000000000e+00 1.817250670656158362e-01
0.000000000000000000e+00 1.980504986108320431e-01
0.000000000000000000e+00 1.750428518963323132e-01
0.000000000000000000e+00 1.121784292990398724e-01
0.000000000000000000e+00 1.170640850132950439e-01
0.000000000000000000e+00 1.074430081485017313e-01
0.000000000000000000e+00 1.088117640698807037e-01
0.000000000000000000e+00 1.560256389187319181e-01
0.000000000000000000e+00 1.530228741071076592e-01
0.000000000000000000e+00 1.797108789138858465e-01
0.000000000000000000e+00 2.139158713139325541e-01
0.000000000000000000e+00 2.453242751950935330e-01
0.000000000000000000e+00 2.893164357584955271e-01
0.000000000000000000e+00 2.650735746920090952e-01
0.000000000000000000e+00 2.331008365493409396e-01
0.000000000000000000e+00 2.865379556009917672e-01
0.000000000000000000e+00 2.640757467091540689e-01
0.000000000000000000e+00 2.563279149839159943e-01
0.000000000000000000e+00 2.472731283419249693e-01
0.000000000000000000e+00 2.558593363549629962e-01
0.000000000000000000e+00 2.598768939324895277e-01
0.000000000000000000e+00 2.682237871628845860e-01
0.000000000000000000e+00 2.940340116381045532e-01
0.000000000000000000e+00 3.137132448590581602e-01
0.000000000000000000e+00 2.862167011199729383e-01
