0.000000000000000000e+00 4.621688003316540977e-02
0.000000000000000000e+00 3.187475490101848025e-02
0.000000000000000000e+00 3.544009029333865246e-02
0.000000000000000000e+00 3.429285639896449689e-02
0.000000000000000000e+00 3.072458299147448613e-02
0.000000000000000000e+00 3.919183588453088035e-02
0.000000000000000000e+00 3.224903099319408745e-02
0.000000000000000000e+00 3.072458299147437857e-02
0.000000000000000000e+00 3.709447398198283813e-02
0.000000000000000000e+00 5.138093031466055977e-02
0.000000000000000000e+00 4.758150901348124490e-02
0.000000000000000000e+00 5.083306010855539320e-02
0.000000000000000000e+00 4.069397989875155747e-02
0.000000000000000000e+00 5.153639490690054697e-02
0.000000000000000000e+00 5.425863986500216452e-02
0.000000000000000000e+00 6.431174076325409106e-02
0.000000000000000000e+00 8.447484832777157893e-02
0.000000000000000000e+00 9.520504188329523276e-02
0.000000000000000000e+00 9.152048950918040271e-02
0.000000000000000000e+00 9.797958971132710027e-02
0.000000000000000000e+00 1.034214677907831503e-01
0.000000000000000000e+00 1.132431013351367088e-01
0.000000000000000000e+00 1.200000000000002176e-01
0.000000000000000000e+00 1.210950040257650073e-01
0.000000000000000000e+00 1.000799680255744922e-01
0.000000000000000000e+00 1.010742301479462535e-01
0.000000000000000000e+00 1.059433811051922469e-01
0.000000000000000000e+00 1.279687461843710683e-01
0.000000000000000000e+00 1.313925416452548234e-01
0.000000000000000000e+00 1.156892389118366476e-01
0.000000000000000000e+00 1.002796090937734530e-01
0.000000000000000000e+00 9.818350166906857079e-02
0.000000000000000000e+00 5.817215828899603008e-02
0.000000000000000000e+00 8.284926070883172344e-02
0.000000000000000000e+00 9.414881836751867739e-02
0.000000000000000000e+00 1.620617166390634634e-01
0.000000000000000000e+00 1.338058294694217387e-01
0.000000000000000000e+00 1.318180564262728949e-01
0.000000000000000000e+00 1.674037036627324115e-01
0.000000000000000000e+00 1.601249512099849615e-01
0.000000000000000000e+00 1.139473562659525790e-01
0.000000000000000000e+00 1.609223415191313455e-01
0.000000000000000000e+00 2.009975124224178678e-01
0.000000000000000000e+00 2.249444375840400079e-01
0.000000000000000000e+00 1.976866206904252798e-01
0.000000000000000000e+00 2.406324998831207429e-01
0.000000000000000000e+00 2.645297714813970580e-01
0.000000000000000000e+00 2.773733945424474157e-01
0.000000000000000000e+00 2.143828351337855320e-01
0.000000000000000000e+00 3.070504844484046036e-01
0.000000000000000000e+00 2.859790202095252587e-01
0.000000000000000000e+00 2.341452540625157674e-01
0.000000000000000000e+00 2.586890024720805981e-01
0.000000000000000000e+00 1.580379701211071519e-01
0.000000000000000000e+00 1.852565788305512717e-01
0.000000000000000000e+00 2.046851240320120835e-01
0.000000000000000000e+00 1.281561547488069830e-01
0.000000000000000000e+00 1.820549367636034865e-01
0.000000000000000000e+00 7.144228439796757035e-02
0.000000000000000000e+00 1.811077027627491787e-01
0.000000000000000000e+00 2.363387399475600503e-01
0.000000000000000000e+00 2.477418010752327482e-01
0.000000000000000000e+00 3.593549777031066483e-01
0.000000000000000000e+00 4.427821134598829422e-01
0.000000000000000000e+00 4.782300701545229571e-01
0.000000000000000000e+00 5.417970099585269761e-01
0.000000000000000000e+00 5.342284155677233803e-01
0.000000000000000000e+00 5.157751448063397914e-01
0.000000000000000000e+00 5.721747984663425601e-01
0.000000000000000000e+00 5.655086206239476887e-01
0.000000000000000000e+00 4.353205715332099657e-01
0.000000000000000000e+00 4.048901085479856832e-01
0.000000000000000000e+00 4.483034686459613227e-01
0.000000000000000000e+00 5.432273925346543519e-01
0.000000000000000000e+00 7.411234714944602286e-01
0.000000000000000000e+00 7.210714250336094366e-01
0.000000000000000000e+00 6.168954530550541104e-01
0.000000000000000000e+00 5.500327262990806210e-01
0.000000000000000000e+00 5.428590977408405127e-01
0.000000000000000000e+00 6.937838280040824479e-01
0.000000000000000000e+00 4.207802276723557888e-01
0.000000000000000000e+00 3.831240008143576570e-01
0.000000000000000000e+00 9.891410415102545872e-02
0.000000000000000000e+00 2.289454083400692397e-01
0.000000000000000000e+00 5.388135113376421037e-01
0.000000000000000000e+00 2.384449622030213600e-01
0.000000000000000000e+00 5.447715117368019389e-01
0.000000000000000000e+00 3.142992204890099339e-01
0.000000000000000000e+00 4.002299339129947175e-01
0.000000000000000000e+00 4.517255804135957287e-01
0.000000000000000000e+00 4.771750203017766090e-01
0.000000000000000000e+00 4.574101004569084972e-01
0.000000000000000000e+00 3.895433223660751398e-01
0.000000000000000000e+00 1.964281038955457692e-01
0.000000000000000000e+00 6.291136622264684730e-01
0.000000000000000000e+00 5.454319389254714823e-01
0.000000000000000000e+00 5.688585061331138393e-01
0.000000000000000000e+00 1.257934815481303870e-01
0.000000000000000000e+00 7.473687175685085338e-01
0.000000000000000000e+00 6.725355009216994473e-01
0.000000000000000000e+00 7.084518332250964168e-01
0.000000000000000000e+00 7.396377491718512109e-01
0.000000000000000000e+00 7.594313662208056481e-01
0.000000000000000000e+00 6.601999697061488037e-01
0.000000000000000000e+00 6.517545550281951261e-01
0.000000000000000000e+00 7.107573425579216675e-01
0.000000000000000000e+00 8.264526604712459923e-01
0.000000000000000000e+00 9.632445172436745473e-01
0.000000000000000000e+00 8.558598016030422029e-01
0.000000000000000000e+00 6.168500628191581070e-01
0.000000000000000000e+00 7.295313564199963352e-01
0.000000000000000000e+00 5.031103258729641148e-01
0.000000000000000000e+00 7.214818085024735650e-01
0.000000000000000000e+00 7.267626847878201346e-01
0.000000000000000000e+00 9.523780761861329047e-01
0.000000000000000000e+00 9.917943335188000864e-01
0.000000000000000000e+00 6.812517889884769362e-01
0.000000000000000000e+00 5.441470389517890638e-01
0.000000000000000000e+00 4.361009057546204604e-01
0.000000000000000000e+00 6.471599493170142603e-01
0.000000000000000000e+00 7.620866092512056378e-01
0.000000000000000000e+00 1.091468735237066223e+00
0.000000000000000000e+00 7.857887756897515841e-01
0.000000000000000000e+00 5.314282642088202779e-01
0.000000000000000000e+00 5.398296027451622292e-01
0.000000000000000000e+00 8.697033977167155649e-01
0.000000000000000000e+00 3.836873727398388834e-01
0.000000000000000000e+00 3.024962809688745424e-01
0.000000000000000000e+00 4.487137171961650961e-01
0.000000000000000000e+00 4.920569072780098807e-01
0.000000000000000000e+00 5.777196551961867321e-01
0.000000000000000000e+00 5.423504402137048208e-01
0.000000000000000000e+00 3.966156829980376219e-01
0.000000000000000000e+00 2.646809400013537261e-01
0.000000000000000000e+00 1.100908715561830509e-01
0.000000000000000000e+00 6.155322899734831932e-01
0.000000000000000000e+00 6.668852974837577996e-01
0.000000000000000000e+00 4.630593914391549770e-01
0.000000000000000000e+00 6.748214578686716481e-01
0.000000000000000000e+00 6.709098300069841203e-01
0.000000000000000000e+00 7.514359586817763725e-01
0.000000000000000000e+00 6.831105327836779484e-01
0.000000000000000000e+00 5.806548027873359441e-01
0.000000000000000000e+00 4.493283877076988952e-01
0.000000000000000000e+00 5.285224687749801031e-01
0.000000000000000000e+00 5.059802367681969226e-01
0.000000000000000000e+00 4.726774798951181022e-01
0.000000000000000000e+00 4.401181659509184052e-01
0.000000000000000000e+00 4.949100928451551362e-01
0.000000000000000000e+00 5.068885479077233081e-01
0.000000000000000000e+00 5.642127258401744561e-01
0.000000000000000000e+00 5.906132406236762611e-01
0.000000000000000000e+00 4.274576002365617633e-01
0.000000000000000000e+00 6.775071955337444995e-01
0.000000000000000000e+00 7.431554346164739311e-01
0.000000000000000000e+00 7.393510668146755505e-01
0.000000000000000000e+00 7.441128946604812500e-01
0.000000000000000000e+00 5.231978593228383545e-01
0.000000000000000000e+00 5.410951857113494023e-01
0.000000000000000000e+00 4.725505263990298910e-01
0.000000000000000000e+00 3.008255308314098930e-01
0.000000000000000000e+00 5.511297487887951707e-01
0.000000000000000000e+00 4.471867618791952048e-01
0.000000000000000000e+00 3.536325776848060487e-01
0.000000000000000000e+00 4.090770098648907060e-01
0.000000000000000000e+00 4.915282290977796564e-01
0.000000000000000000e+00 7.065578532576086701e-01
0.000000000000000000e+00 7.047382492812493959e-01
0.000000000000000000e+00 6.972689581502963252e-01
0.000000000000000000e+00 6.968615357443682656e-01
