1.000000000000000000e+02 3.179933333333332529e-02
1.110000000000000000e+02 3.055166666666666794e-02
1.220000000000000000e+02 2.752388888888888593e-02
1.340000000000000000e+02 2.441855555555555793e-02
1.470000000000000000e+02 2.142111111111111299e-02
1.620000000000000000e+02 1.823944444444444701e-02
1.780000000000000000e+02 1.521344444444444610e-02
1.950000000000000000e+02 1.345466666666666686e-02
2.150000000000000000e+02 1.062277777777777960e-02
2.360000000000000000e+02 8.932888888888889517e-03
2.600000000000000000e+02 6.882000000000000096e-03
2.860000000000000000e+02 6.068777777777777105e-03
3.140000000000000000e+02 4.615000000000000178e-03
3.460000000000000000e+02 5.122333333333333773e-03
3.800000000000000000e+02 4.847111111111111065e-03
4.180000000000000000e+02 4.551000000000000358e-03
4.600000000000000000e+02 5.344555555555555518e-03
5.060000000000000000e+02 7.073888888888889108e-03
5.560000000000000000e+02 7.828555555555553880e-03
6.120000000000000000e+02 7.421333333333331866e-03
6.730000000000000000e+02 8.617666666666665837e-03
7.410000000000000000e+02 1.011233333333333428e-02
8.150000000000000000e+02 1.341855555555555683e-02
8.960000000000000000e+02 1.485288888888888770e-02
9.850000000000000000e+02 1.608133333333333637e-02
1.084000000000000000e+03 1.815599999999999853e-02
1.192000000000000000e+03 1.969622222222221913e-02
1.311000000000000000e+03 2.398177777777777894e-02
1.443000000000000000e+03 2.651333333333333320e-02
1.587000000000000000e+03 3.109888888888889119e-02
1.745000000000000000e+03 3.405611111111110645e-02
1.920000000000000000e+03 3.555633333333332868e-02
2.112000000000000000e+03 3.909277777777777491e-02
2.323000000000000000e+03 4.373566666666666575e-02
2.555000000000000000e+03 5.261044444444444579e-02
2.811000000000000000e+03 6.003200000000000203e-02
3.092000000000000000e+03 6.418899999999999606e-02
3.401000000000000000e+03 7.374488888888890148e-02
3.741000000000000000e+03 8.514288888888886520e-02
4.115000000000000000e+03 9.432288888888890055e-02
4.526000000000000000e+03 1.059947777777777850e-01
4.979000000000000000e+03 1.170271111111111234e-01
5.477000000000000000e+03 1.246275555555555470e-01
6.025000000000000000e+03 1.375364444444444334e-01
6.627000000000000000e+03 1.492788888888888776e-01
7.290000000000000000e+03 1.677797777777777777e-01
8.018000000000000000e+03 1.799704444444444329e-01
8.820000000000000000e+03 1.961335555555555610e-01
9.702000000000000000e+03 2.057722222222222175e-01
1.067200000000000000e+04 2.286471111111110788e-01
1.174000000000000000e+04 2.497732222222222576e-01
1.291300000000000000e+04 2.602013333333333400e-01
1.420500000000000000e+04 2.798335555555555576e-01
1.562500000000000000e+04 3.020328888888889063e-01
1.718800000000000000e+04 3.206065555555555613e-01
1.890600000000000000e+04 3.313077777777777566e-01
2.079700000000000000e+04 3.524405555555556457e-01
2.287700000000000000e+04 3.813947777777777493e-01
2.516400000000000000e+04 4.028958888888888867e-01
2.768100000000000000e+04 4.255911111111110312e-01
3.044900000000000000e+04 4.461922222222222678e-01
3.349300000000000000e+04 4.676936666666666742e-01
3.684300000000000000e+04 4.917746666666666377e-01
4.052700000000000000e+04 5.095466666666667033e-01
4.458000000000000000e+04 5.328177777777777235e-01
4.903800000000000000e+04 5.504936666666666589e-01
5.394100000000000000e+04 5.650307777777777707e-01
5.933500000000000000e+04 5.871603333333333952e-01
6.526900000000000000e+04 5.970492222222222312e-01
7.179600000000000000e+04 6.114823333333332389e-01
7.897500000000000000e+04 6.266296666666666404e-01
8.687300000000000000e+04 6.440041111111109995e-01
9.556000000000000000e+04 6.549683333333332635e-01
1.051160000000000000e+05 6.703404444444445165e-01
1.156270000000000000e+05 6.789675555555554354e-01
1.271900000000000000e+05 6.814702222222223105e-01
1.399090000000000000e+05 6.929372222222222044e-01
1.539000000000000000e+05 7.044273333333332943e-01
1.692900000000000000e+05 7.094206666666666994e-01
1.862190000000000000e+05 7.171803333333334196e-01
2.048410000000000000e+05 7.299436666666666573e-01
2.253250000000000000e+05 7.403170000000000028e-01
2.478570000000000000e+05 7.489437777777778749e-01
2.726430000000000000e+05 7.534981111111112018e-01
2.999070000000000000e+05 7.542857777777777217e-01
3.298970000000000000e+05 7.646031111111111223e-01
3.628870000000000000e+05 7.740044444444443839e-01
3.991760000000000000e+05 7.725395555555555349e-01
4.390930000000000000e+05 7.748818888888888701e-01
4.830030000000000000e+05 7.843741111111111053e-01
5.313030000000000000e+05 7.938540000000000596e-01
5.844330000000000000e+05 7.926811111111110586e-01
6.428760000000000000e+05 7.942648888888887981e-01
7.071640000000000000e+05 7.967335555555554727e-01
7.778800000000000000e+05 7.985859999999999070e-01
8.556680000000000000e+05 7.983996666666667297e-01
9.412350000000000000e+05 8.055480000000000418e-01
1.035358000000000000e+06 8.150198888888888771e-01
1.138894000000000000e+06 8.180995555555554688e-01
1.252783000000000000e+06 8.144773333333332754e-01
1.378062000000000000e+06 8.222179999999998934e-01
1.515868000000000000e+06 8.268817777777778266e-01
1.667455000000000000e+06 8.268806666666667082e-01
1.834200000000000000e+06 8.305951111111110619e-01
2.017620000000000000e+06 8.377147777777778082e-01
2.219382000000000000e+06 8.367545555555556680e-01
2.441320000000000000e+06 8.388625555555555557e-01
2.685452000000000000e+06 8.381256666666667687e-01
2.953997000000000000e+06 8.467642222222221404e-01
3.249397000000000000e+06 8.511486666666665535e-01
3.574336000000000000e+06 8.570673333333334032e-01
3.931770000000000000e+06 8.532592222222220579e-01
4.324947000000000000e+06 8.640996666666667103e-01
4.757442000000000000e+06 8.634610000000000340e-01
5.233186000000000000e+06 8.571290000000000298e-01
5.756504000000000000e+06 8.673532222222221089e-01
6.332155000000000000e+06 8.721083333333333742e-01
6.965370000000000000e+06 8.723682222222222116e-01
7.661907000000000000e+06 8.728294444444445466e-01
8.428098000000000000e+06 8.808337777777777156e-01
9.270907000000000000e+06 8.766672222222221533e-01
1.019799800000000000e+07 8.825482222222222894e-01
1.121779800000000000e+07 8.837661111111111412e-01
1.233957800000000000e+07 8.798964444444443700e-01
1.357353500000000000e+07 8.866241111111110573e-01
1.493088900000000000e+07 8.882797777777775572e-01
1.642397800000000000e+07 8.892353333333333776e-01
1.806637500000000000e+07 8.938755555555554233e-01
1.987301300000000000e+07 8.904295555555555852e-01
2.186031400000000000e+07 8.897522222222220556e-01
2.404634500000000000e+07 8.882914444444445223e-01
2.645098000000000000e+07 8.954218888888889616e-01
2.909607800000000000e+07 8.939540000000000264e-01
3.200568500000000000e+07 8.993927777777778187e-01
3.520625400000000000e+07 8.994211111111111157e-01
3.872687900000000000e+07 8.959843333333333826e-01
4.259956700000000000e+07 8.949428888888887323e-01
4.685952400000000000e+07 8.953928888888889048e-01
5.154547600000000000e+07 8.986426666666665897e-01
5.670002400000000000e+07 9.024104444444444040e-01
6.237002600000000000e+07 9.004323333333333901e-01
6.860702900000000000e+07 9.013849999999999918e-01
7.546773100000000000e+07 8.997035555555557007e-01
8.301450500000000000e+07 8.988340000000000218e-01
9.131595500000000000e+07 9.088382222222222140e-01
1.004475500000000000e+08 8.998121111111109238e-01
1.104923050000000000e+08 9.008795555555556556e-01
1.215415360000000000e+08 9.012277777777778498e-01
1.336956890000000000e+08 9.043115555555556462e-01
1.470652580000000000e+08 9.004309999999998704e-01
1.617717840000000000e+08 8.985992222222221049e-01
1.779489620000000000e+08 9.020269999999999122e-01
1.957438590000000000e+08 9.036173333333332724e-01
2.153182440000000000e+08 9.060751111111111644e-01
2.368500690000000000e+08 9.008322222222222564e-01
2.605350760000000000e+08 8.994125555555556595e-01
2.865885830000000000e+08 9.037782222222221495e-01
3.152474410000000000e+08 9.061113333333332687e-01
3.467721860000000000e+08 9.031595555555556043e-01
3.814494040000000000e+08 9.061273333333331736e-01
4.195943440000000000e+08 9.031626666666667802e-01
4.615537790000000000e+08 9.061007777777777550e-01
5.077091570000000000e+08 9.016739999999998645e-01
5.584800720000000000e+08 9.073811111111110828e-01
6.143280790000000000e+08 9.060894444444446139e-01
6.757608870000000000e+08 9.035845555555557240e-01
7.433369760000000000e+08 9.112029999999999852e-01
8.176706740000000000e+08 9.042346666666666311e-01
8.994377410000000000e+08 9.062839999999999785e-01
9.893815150000000000e+08 9.084014444444444836e-01
