100 1.690000
111 1.790000
122 1.880000
134 1.960000
147 2.060000
162 2.150000
178 2.260000
195 2.340000
215 2.460000
236 2.540000
260 2.660000
286 2.760000
314 2.850000
346 2.990000
380 3.150000
418 3.320000
460 3.470000
506 3.650000
556 3.830000
612 4.000000
673 4.150000
741 4.310000
815 4.510000
896 4.740000
985 5.000000
1084 5.350000
1192 5.530000
1311 5.810000
1443 6.030000
1587 6.310000
1745 6.630000
1920 6.840000
2112 7.230000
2323 7.570000
2555 7.950000
2811 8.280000
3092 8.720000
3401 9.170000
3741 9.620000
4115 10.020000
4526 10.390000
4979 10.950000
5477 11.570000
6025 12.100000
6627 12.590000
7290 13.140000
8018 13.770000
8820 14.220000
9702 14.910000
10672 15.440000
11740 16.200000
12913 16.940000
14205 17.690000
15625 18.570000
17188 19.300000
18906 20.170000
20797 20.920000
22877 21.880000
25164 22.960000
27681 23.920000
30449 25.080000
33493 26.110000
36843 27.010000
40527 28.220000
44580 28.990000
49038 29.680000
53941 29.890000
59335 29.840000
65269 29.430000
71796 28.200000
78975 25.230000
86873 22.740000
95560 20.230000
105116 18.360000
115627 17.140000
127190 16.050000
139909 15.540000
153900 15.350000
169290 15.050000
186219 14.760000
204841 14.370000
225325 14.200000
247857 13.880000
272643 13.910000
299907 14.070000
329897 13.490000
362887 13.410000
399176 13.530000
439093 13.700000
483003 13.600000
531303 13.360000
584433 13.180000
642876 13.090000
707164 12.990000
777880 13.070000
855668 12.910000
941235 12.560000
1035358 12.680000
1138894 12.710000
1252783 12.740000
1378062 12.670000
1515868 12.560000
1667455 12.810000
1834200 12.470000
2017620 12.530000
2219382 12.310000
2441320 12.420000
2685452 12.440000
2953997 12.320000
3249397 12.400000
3574336 12.140000
3931770 12.340000
4324947 12.220000
4757442 12.290000
5233186 12.180000
5756504 12.330000
6332155 12.070000
6965370 12.160000
7661907 12.150000
8428098 12.090000
9270907 12.010000
10197998 12.060000
11217798 12.100000
12339578 12.020000
13573535 12.040000
14930889 12.120000
16423978 12.020000
18066375 12.040000
19873013 12.020000
21860314 12.060000
24046345 12.070000
26450980 12.070000
29096078 12.100000
32005685 12.050000
35206254 12.020000
38726879 12.040000
42599567 12.100000
46859524 12.040000
51545476 12.020000
56700024 12.020000
62370026 12.040000
68607029 12.050000
75467731 12.000000
83014505 12.060000
91315955 12.040000
100447550 12.020000
110492305 12.020000
121541536 12.020000
133695689 12.050000
147065258 12.000000
161771784 12.000000
177948962 12.020000
195743859 12.020000
215318244 12.060000
236850069 12.040000
260535076 12.020000
286588583 12.020000
315247441 12.030000
346772186 12.060000
381449404 12.040000
419594344 12.040000
461553779 12.020000
507709157 12.040000
558480072 12.040000
614328079 12.000000
675760887 12.040000
743336976 12.040000
817670674 12.000000
899437741 12.020000
989381515 12.020000
