100 0.003377
111 0.003270
122 0.002710
134 0.003233
147 0.002661
162 0.002583
178 0.002604
195 0.002478
215 0.001934
236 0.001691
260 0.001125
286 0.000834
314 0.000675
346 0.000675
380 0.000267
418 0.000000
460 0.000000
506 0.000000
556 0.000000
612 0.000000
673 0.000000
741 0.000000
815 -0.000000
896 0.000149
985 0.000254
1084 0.000104
1192 0.000104
1311 0.000163
1443 0.000163
1587 0.000206
1745 0.000197
1920 0.000251
2112 0.000606
2323 0.000846
2555 0.000930
2811 0.001177
3092 0.001155
3401 0.001367
3741 0.001562
4115 0.001216
4526 0.001515
4979 0.001617
5477 0.002088
6025 0.002556
6627 0.002307
7290 0.002728
8018 0.003681
8820 0.004681
9702 0.006227
10672 0.005821
11740 0.005280
12913 0.007104
14205 0.007958
15625 0.010113
17188 0.012272
18906 0.013483
20797 0.019622
22877 0.026923
25164 0.040918
27681 0.052164
30449 0.100056
33493 0.123480
36843 0.174814
40527 0.213009
44580 0.273668
49038 0.345936
53941 0.408696
59335 0.489468
65269 0.598411
71796 0.651299
78975 0.698119
86873 0.747055
95560 0.764798
105116 0.789288
115627 0.815948
127190 0.832751
139909 0.839145
153900 0.856517
169290 0.873561
186219 0.855555
204841 0.885838
225325 0.894505
247857 0.887619
272643 0.905125
299907 0.896977
329897 0.914471
362887 0.915091
399176 0.918097
439093 0.923163
483003 0.934715
531303 0.935813
584433 0.941808
642876 0.931422
707164 0.942992
777880 0.940564
855668 0.944440
941235 0.949823
1035358 0.953201
1138894 0.953859
1252783 0.956405
1378062 0.956291
1515868 0.962426
1667455 0.963453
1834200 0.964781
2017620 0.965032
2219382 0.964151
2441320 0.966300
2685452 0.966383
2953997 0.968496
3249397 0.970655
3574336 0.969548
3931770 0.970956
4324947 0.972380
4757442 0.971422
5233186 0.974158
5756504 0.971215
6332155 0.969942
6965370 0.972357
7661907 0.973866
8428098 0.975740
9270907 0.974837
10197998 0.974648
11217798 0.976963
12339578 0.974590
13573535 0.975993
14930889 0.976604
16423978 0.977803
18066375 0.974910
19873013 0.979020
21860314 0.976625
24046345 0.977646
26450980 0.978333
29096078 0.977413
32005685 0.975421
35206254 0.976602
38726879 0.977656
42599567 0.977827
46859524 0.977510
51545476 0.978068
56700024 0.977369
62370026 0.977422
68607029 0.978532
75467731 0.978620
83014505 0.978567
91315955 0.977743
100447550 0.979530
110492305 0.979959
121541536 0.978128
133695689 0.979222
147065258 0.979894
161771784 0.979005
177948962 0.979242
195743859 0.980239
215318244 0.980387
236850069 0.980914
260535076 0.981566
286588583 0.982772
315247441 0.980164
346772186 0.981299
381449404 0.981897
419594344 0.979473
461553779 0.980329
507709157 0.979418
558480072 0.981678
614328079 0.978138
675760887 0.981673
743336976 0.982710
817670674 0.980303
899437741 0.981580
989381515 0.981039
100 0.486902
111 0.485063
122 0.483577
134 0.481861
147 0.479042
162 0.477414
178 0.477414
195 0.474735
215 0.474735
236 0.473693
260 0.472239
286 0.472039
314 0.471865
346 0.471865
380 0.471873
418 0.464867
460 0.462793
506 0.455404
556 0.452195
612 0.451633
673 0.448545
741 0.443683
815 0.441820
896 0.442989
985 0.440443
1084 0.439742
1192 0.432803
1311 0.428327
1443 0.431868
1587 0.429050
1745 0.426787
1920 0.421892
2112 0.422869
2323 0.423425
2555 0.422595
2811 0.433040
3092 0.448419
3401 0.465846
3741 0.486926
4115 0.496940
4526 0.524744
4979 0.550425
5477 0.562332
6025 0.585850
6627 0.618340
7290 0.645184
8018 0.647822
8820 0.665537
9702 0.672547
10672 0.680158
11740 0.702615
12913 0.710898
14205 0.721772
15625 0.740218
17188 0.741684
18906 0.743982
20797 0.750136
22877 0.772041
25164 0.784502
27681 0.794420
30449 0.803645
33493 0.806779
36843 0.813168
40527 0.840296
44580 0.834809
49038 0.836654
53941 0.855826
59335 0.862111
65269 0.863835
71796 0.879669
78975 0.878749
86873 0.893765
95560 0.889814
105116 0.892690
115627 0.895306
127190 0.900197
139909 0.901718
153900 0.905513
169290 0.918479
186219 0.912623
204841 0.922629
225325 0.923325
247857 0.931548
272643 0.927742
299907 0.939715
329897 0.940812
362887 0.945362
399176 0.946802
439093 0.942006
483003 0.951981
531303 0.951466
584433 0.953100
642876 0.950015
707164 0.954563
777880 0.959219
855668 0.957196
941235 0.961522
1035358 0.962063
1138894 0.962389
1252783 0.965255
1378062 0.962346
1515868 0.963805
1667455 0.964581
1834200 0.965919
2017620 0.962612
2219382 0.966916
2441320 0.967674
2685452 0.967248
2953997 0.965120
3249397 0.968151
3574336 0.971734
3931770 0.972127
4324947 0.970556
4757442 0.971862
5233186 0.969846
5756504 0.972613
6332155 0.972303
6965370 0.972350
7661907 0.972439
8428098 0.972881
9270907 0.973053
10197998 0.975102
11217798 0.973081
12339578 0.971259
13573535 0.974034
14930889 0.974535
16423978 0.974545
18066375 0.973881
19873013 0.973709
21860314 0.973049
24046345 0.975641
26450980 0.974583
29096078 0.975568
32005685 0.973924
35206254 0.975776
38726879 0.972697
42599567 0.976032
46859524 0.976239
51545476 0.974489
56700024 0.973901
62370026 0.974909
68607029 0.973515
75467731 0.975809
83014505 0.974378
91315955 0.973282
100447550 0.974672
110492305 0.975486
121541536 0.975631
133695689 0.976055
147065258 0.976213
161771784 0.976124
177948962 0.975520
195743859 0.974270
215318244 0.977947
236850069 0.976131
260535076 0.975479
286588583 0.976092
315247441 0.975136
346772186 0.976634
381449404 0.976553
419594344 0.976482
461553779 0.974884
507709157 0.976201
558480072 0.974595
614328079 0.975233
675760887 0.977190
743336976 0.977827
817670674 0.977309
899437741 0.976514
989381515 0.977155
