1.000000000000000000e+02 2.226800000000000133e-03
1.110000000000000000e+02 2.040600000000000053e-03
1.220000000000000000e+02 1.750199999999999933e-03
1.340000000000000000e+02 1.605400000000000316e-03
1.470000000000000000e+02 1.409000000000000096e-03
1.620000000000000000e+02 1.190199999999999982e-03
1.780000000000000000e+02 9.982000000000000855e-04
1.950000000000000000e+02 9.144000000000001085e-04
2.150000000000000000e+02 8.890000000000000333e-04
2.360000000000000000e+02 8.236000000000000699e-04
2.600000000000000000e+02 8.321999999999999537e-04
2.860000000000000000e+02 7.242000000000000390e-04
3.140000000000000000e+02 6.450000000000000655e-04
3.460000000000000000e+02 5.810000000000000277e-04
3.800000000000000000e+02 5.092000000000000172e-04
4.180000000000000000e+02 5.209999999999999788e-04
4.600000000000000000e+02 6.530000000000000431e-04
5.060000000000000000e+02 8.509999999999999769e-04
5.560000000000000000e+02 1.067200000000000136e-03
6.120000000000000000e+02 1.171999999999999865e-03
6.730000000000000000e+02 1.234799999999999873e-03
7.410000000000000000e+02 1.279600000000000095e-03
8.150000000000000000e+02 1.447599999999999842e-03
8.960000000000000000e+02 1.682799999999999921e-03
9.850000000000000000e+02 1.906000000000000142e-03
1.084000000000000000e+03 2.075000000000000022e-03
1.192000000000000000e+03 2.389800000000000084e-03
1.311000000000000000e+03 2.585399999999999851e-03
1.443000000000000000e+03 2.753000000000000239e-03
1.587000000000000000e+03 2.899000000000000101e-03
1.745000000000000000e+03 3.108399999999999878e-03
1.920000000000000000e+03 3.186400000000000256e-03
2.112000000000000000e+03 3.400200000000000358e-03
2.323000000000000000e+03 3.744399999999999725e-03
2.555000000000000000e+03 3.863600000000000454e-03
2.811000000000000000e+03 3.951999999999999784e-03
3.092000000000000000e+03 4.352599999999999872e-03
3.401000000000000000e+03 4.691800000000000311e-03
3.741000000000000000e+03 4.987400000000000340e-03
4.115000000000000000e+03 5.243000000000000264e-03
4.526000000000000000e+03 5.467800000000000091e-03
4.979000000000000000e+03 5.612799999999999387e-03
5.477000000000000000e+03 5.864599999999999327e-03
6.025000000000000000e+03 6.048800000000000877e-03
6.627000000000000000e+03 6.298599999999999685e-03
7.290000000000000000e+03 6.590200000000000051e-03
8.018000000000000000e+03 6.945800000000000238e-03
8.820000000000000000e+03 7.192600000000000382e-03
9.702000000000000000e+03 7.666399999999999430e-03
1.067200000000000000e+04 8.000200000000000713e-03
1.174000000000000000e+04 8.584400000000000711e-03
1.291300000000000000e+04 9.162800000000000458e-03
1.420500000000000000e+04 9.680400000000000463e-03
1.562500000000000000e+04 9.952800000000001229e-03
1.718800000000000000e+04 1.035059999999999973e-02
1.890600000000000000e+04 1.107840000000000040e-02
2.079700000000000000e+04 1.156140000000000119e-02
2.287700000000000000e+04 1.223820000000000116e-02
2.516400000000000000e+04 1.278219999999999877e-02
2.768100000000000000e+04 1.346439999999999790e-02
3.044900000000000000e+04 1.400099999999999956e-02
3.349300000000000000e+04 1.487960000000000151e-02
3.684300000000000000e+04 1.552860000000000004e-02
4.052700000000000000e+04 1.605380000000000001e-02
4.458000000000000000e+04 1.681379999999999680e-02
4.903800000000000000e+04 1.774819999999999870e-02
5.394100000000000000e+04 1.889640000000000070e-02
5.933500000000000000e+04 1.974820000000000048e-02
6.526900000000000000e+04 2.081039999999999973e-02
7.179600000000000000e+04 2.152799999999999853e-02
7.897500000000000000e+04 2.246879999999999711e-02
8.687300000000000000e+04 2.349139999999999909e-02
9.556000000000000000e+04 2.481039999999999981e-02
1.051160000000000000e+05 2.562740000000000157e-02
1.156270000000000000e+05 2.711399999999999921e-02
1.271900000000000000e+05 2.854699999999999946e-02
1.399090000000000000e+05 3.005599999999999938e-02
1.539000000000000000e+05 3.160800000000000415e-02
1.692900000000000000e+05 3.332459999999999589e-02
1.862190000000000000e+05 3.456360000000000682e-02
2.048410000000000000e+05 3.679699999999999638e-02
2.253250000000000000e+05 3.863619999999999555e-02
2.478570000000000000e+05 4.050499999999999934e-02
2.726430000000000000e+05 4.322860000000000591e-02
2.999070000000000000e+05 4.473280000000000312e-02
3.298970000000000000e+05 4.669420000000000515e-02
3.628870000000000000e+05 4.865200000000000774e-02
3.991760000000000000e+05 5.084499999999999437e-02
4.390930000000000000e+05 5.295400000000000107e-02
4.830030000000000000e+05 5.575959999999999944e-02
5.313030000000000000e+05 5.828819999999999835e-02
5.844330000000000000e+05 6.095920000000000505e-02
6.428760000000000000e+05 6.344459999999998989e-02
7.071640000000000000e+05 6.651179999999999592e-02
7.778800000000000000e+05 6.957460000000000033e-02
8.556680000000000000e+05 7.195300000000000307e-02
9.412350000000000000e+05 7.555580000000000629e-02
1.035358000000000000e+06 8.004219999999999391e-02
1.138894000000000000e+06 8.311340000000000394e-02
1.252783000000000000e+06 8.723380000000000023e-02
1.378062000000000000e+06 9.160019999999999274e-02
1.515868000000000000e+06 9.455579999999999541e-02
1.667455000000000000e+06 9.740299999999998959e-02
1.834200000000000000e+06 1.028413999999999995e-01
2.017620000000000000e+06 1.070875999999999911e-01
2.219382000000000000e+06 1.108143999999999796e-01
2.441320000000000000e+06 1.144746000000000097e-01
2.685452000000000000e+06 1.197237999999999775e-01
2.953997000000000000e+06 1.239637999999999990e-01
3.249397000000000000e+06 1.293776000000000093e-01
3.574336000000000000e+06 1.336060000000000025e-01
3.931770000000000000e+06 1.381100000000000105e-01
4.324947000000000000e+06 1.423203999999999858e-01
4.757442000000000000e+06 1.470685999999999938e-01
5.233186000000000000e+06 1.521800000000000375e-01
5.756504000000000000e+06 1.563163999999999942e-01
6.332155000000000000e+06 1.619562000000000224e-01
6.965370000000000000e+06 1.673570000000000058e-01
7.661907000000000000e+06 1.732403999999999888e-01
8.428098000000000000e+06 1.792668000000000039e-01
9.270907000000000000e+06 1.875661999999999607e-01
1.019799800000000000e+07 1.950863999999999931e-01
1.121779800000000000e+07 1.974027999999999894e-01
1.233957800000000000e+07 2.030142000000000058e-01
1.357353500000000000e+07 2.125722000000000167e-01
1.493088900000000000e+07 2.175883999999999874e-01
1.642397800000000000e+07 2.255349999999999855e-01
1.806637500000000000e+07 2.327872000000000274e-01
1.987301300000000000e+07 2.389471999999999985e-01
2.186031400000000000e+07 2.471943999999999808e-01
2.404634500000000000e+07 2.582425999999999888e-01
2.645098000000000000e+07 2.650096000000000118e-01
2.909607800000000000e+07 2.739769999999999706e-01
3.200568500000000000e+07 2.783006000000000091e-01
3.520625400000000000e+07 2.858235999999999555e-01
3.872687900000000000e+07 2.902259999999999840e-01
4.259956700000000000e+07 2.978353999999999724e-01
4.685952400000000000e+07 3.057218000000000435e-01
5.154547600000000000e+07 3.171864000000000350e-01
5.670002400000000000e+07 3.192834000000000505e-01
6.237002600000000000e+07 3.267274000000000012e-01
6.860702900000000000e+07 3.330681999999999809e-01
7.546773100000000000e+07 3.511978000000000044e-01
8.301450500000000000e+07 3.564569999999999683e-01
9.131595500000000000e+07 3.661716000000000415e-01
1.004475500000000000e+08 3.838458000000000148e-01
1.104923050000000000e+08 3.897341999999999751e-01
1.215415360000000000e+08 4.084956000000000143e-01
1.336956890000000000e+08 4.211184000000000038e-01
1.470652580000000000e+08 4.293031999999999959e-01
1.617717840000000000e+08 4.375850000000000017e-01
1.779489620000000000e+08 4.470121999999999707e-01
1.957438590000000000e+08 4.629367999999999261e-01
2.153182440000000000e+08 4.691609999999999947e-01
2.368500690000000000e+08 4.894083999999999657e-01
2.605350760000000000e+08 5.004311999999999649e-01
2.865885830000000000e+08 5.129707999999999490e-01
3.152474410000000000e+08 5.263676000000000466e-01
3.467721860000000000e+08 5.410821999999999576e-01
3.814494040000000000e+08 5.488482000000000083e-01
4.195943440000000000e+08 5.659493999999999359e-01
4.615537790000000000e+08 5.809893999999999892e-01
5.077091570000000000e+08 6.096662000000000470e-01
5.584800720000000000e+08 6.389257999999999882e-01
6.143280790000000000e+08 6.371361999999999304e-01
6.757608870000000000e+08 6.798277999999999821e-01
7.433369760000000000e+08 6.997394000000000114e-01
8.176706740000000000e+08 7.023719999999998853e-01
8.994377410000000000e+08 7.166246000000000560e-01
9.893815150000000000e+08 7.434450000000000225e-01
