0.000000000000000000e+00 3.382306905057550633e-02
0.000000000000000000e+00 3.136877428271619278e-02
0.000000000000000000e+00 2.925747767665561397e-02
0.000000000000000000e+00 3.162277660168382604e-02
0.000000000000000000e+00 4.630334761116094294e-02
0.000000000000000000e+00 5.083306010855530993e-02
0.000000000000000000e+00 5.535341001239232894e-02
0.000000000000000000e+00 4.543126676640228678e-02
0.000000000000000000e+00 4.874423042781574761e-02
0.000000000000000000e+00 4.963869458396343720e-02
0.000000000000000000e+00 6.399999999999991807e-02
0.000000000000000000e+00 8.694826047713657968e-02
0.000000000000000000e+00 9.282241108697832088e-02
0.000000000000000000e+00 1.032666451474046621e-01
0.000000000000000000e+00 8.565045242145545579e-02
0.000000000000000000e+00 8.342661445845672707e-02
0.000000000000000000e+00 9.959919678390982689e-02
0.000000000000000000e+00 1.173712060089697473e-01
0.000000000000000000e+00 9.389355675444395477e-02
0.000000000000000000e+00 9.769339793455857068e-02
0.000000000000000000e+00 1.243543324536787731e-01
0.000000000000000000e+00 1.287478155154484494e-01
0.000000000000000000e+00 1.303226764611593591e-01
0.000000000000000000e+00 1.224744871391589551e-01
0.000000000000000000e+00 1.123209686567919197e-01
0.000000000000000000e+00 1.115347479487894256e-01
0.000000000000000000e+00 1.553061492665373522e-01
0.000000000000000000e+00 1.522366578718804819e-01
0.000000000000000000e+00 1.310572394032469834e-01
0.000000000000000000e+00 1.669011683602005802e-01
0.000000000000000000e+00 1.741952927033335319e-01
0.000000000000000000e+00 1.672602762164405454e-01
0.000000000000000000e+00 1.459588983241515425e-01
0.000000000000000000e+00 1.425482374496437887e-01
0.000000000000000000e+00 1.203993355463394005e-01
0.000000000000000000e+00 1.190630085290980689e-01
0.000000000000000000e+00 1.506519166821320144e-01
0.000000000000000000e+00 1.774936618586701598e-01
0.000000000000000000e+00 1.716508083290023412e-01
0.000000000000000000e+00 1.749285568453591011e-01
0.000000000000000000e+00 1.923538406167135950e-01
0.000000000000000000e+00 2.346571967786203472e-01
0.000000000000000000e+00 2.561562023453656800e-01
0.000000000000000000e+00 2.562498780487516559e-01
0.000000000000000000e+00 2.561249694973138369e-01
0.000000000000000000e+00 2.838591199873627402e-01
0.000000000000000000e+00 3.172002522067094432e-01
0.000000000000000000e+00 2.621144788064941333e-01
0.000000000000000000e+00 2.739781013146853073e-01
0.000000000000000000e+00 2.350659481932678152e-01
0.000000000000000000e+00 2.272795635335478348e-01
0.000000000000000000e+00 2.097236276626939511e-01
0.000000000000000000e+00 2.040980156689421732e-01
0.000000000000000000e+00 1.325745073534112806e-01
0.000000000000000000e+00 1.641462762294661204e-01
0.000000000000000000e+00 1.217538500417951891e-01
0.000000000000000000e+00 1.956936381183612961e-01
0.000000000000000000e+00 2.040588150509549670e-01
0.000000000000000000e+00 1.959183503401342175e-01
0.000000000000000000e+00 2.406158764504124081e-01
0.000000000000000000e+00 2.007585614612743541e-01
0.000000000000000000e+00 3.403762623920770225e-01
0.000000000000000000e+00 4.048407094154442554e-01
0.000000000000000000e+00 3.287917273898479098e-01
0.000000000000000000e+00 2.597229292919669419e-01
0.000000000000000000e+00 2.918492761683678105e-01
0.000000000000000000e+00 2.963106478005815281e-01
0.000000000000000000e+00 2.869425029513764103e-01
0.000000000000000000e+00 2.410477131192088618e-01
0.000000000000000000e+00 2.721323207559133150e-01
0.000000000000000000e+00 3.368441776252047437e-01
0.000000000000000000e+00 4.202189905275580672e-01
0.000000000000000000e+00 3.839479131340599039e-01
0.000000000000000000e+00 4.258920050904925758e-01
0.000000000000000000e+00 3.921938296301982763e-01
0.000000000000000000e+00 4.444772210136322954e-01
0.000000000000000000e+00 4.987744981452025272e-01
0.000000000000000000e+00 4.302836273901202713e-01
0.000000000000000000e+00 3.350223873116562889e-01
0.000000000000000000e+00 2.828851356999858568e-01
0.000000000000000000e+00 2.307032726252497001e-01
0.000000000000000000e+00 3.202124294901746993e-01
0.000000000000000000e+00 1.527612516314273972e-01
0.000000000000000000e+00 2.290327487500433967e-01
0.000000000000000000e+00 2.249088704342263600e-01
0.000000000000000000e+00 2.201272359341298335e-01
0.000000000000000000e+00 2.308592644881297395e-01
0.000000000000000000e+00 2.890397896484147577e-01
0.000000000000000000e+00 3.177168550769706723e-01
0.000000000000000000e+00 3.618507979817106035e-01
0.000000000000000000e+00 2.588744869623140765e-01
0.000000000000000000e+00 2.288755120147199507e-01
0.000000000000000000e+00 1.716508083290043674e-01
0.000000000000000000e+00 2.320861908860592515e-01
0.000000000000000000e+00 3.049983606513335666e-01
0.000000000000000000e+00 4.858559457287716654e-01
0.000000000000000000e+00 5.981103577100119750e-01
0.000000000000000000e+00 5.523984069491878479e-01
0.000000000000000000e+00 4.735652014242606178e-01
0.000000000000000000e+00 4.722711085806523545e-01
0.000000000000000000e+00 4.610162686934140552e-01
0.000000000000000000e+00 5.066201733054059853e-01
0.000000000000000000e+00 4.452145550181411116e-01
0.000000000000000000e+00 3.314573879098198783e-01
0.000000000000000000e+00 3.101225564192350848e-01
0.000000000000000000e+00 2.522696969514954257e-01
0.000000000000000000e+00 2.641968962724580705e-01
0.000000000000000000e+00 2.367614833540268304e-01
0.000000000000000000e+00 2.927387914165070493e-01
0.000000000000000000e+00 2.497198430241393818e-01
0.000000000000000000e+00 2.941020231144281794e-01
0.000000000000000000e+00 2.416112580158488732e-01
0.000000000000000000e+00 2.837322681684279480e-01
0.000000000000000000e+00 2.238213573366034936e-01
0.000000000000000000e+00 1.985346317396536608e-01
0.000000000000000000e+00 2.357625924526605132e-01
0.000000000000000000e+00 1.874673304872082058e-01
0.000000000000000000e+00 1.632666530556687867e-01
0.000000000000000000e+00 1.540649213805647400e-01
0.000000000000000000e+00 1.925201288177415537e-01
0.000000000000000000e+00 1.936388390793513381e-01
0.000000000000000000e+00 1.652150114245051482e-01
0.000000000000000000e+00 1.904310898986789347e-01
0.000000000000000000e+00 2.267509647167993136e-01
0.000000000000000000e+00 2.316549157691245031e-01
0.000000000000000000e+00 1.803773821741545269e-01
0.000000000000000000e+00 2.390815760362996201e-01
0.000000000000000000e+00 2.440491753725071433e-01
0.000000000000000000e+00 2.418263840030737410e-01
0.000000000000000000e+00 3.009717594725490608e-01
0.000000000000000000e+00 2.386126568311088547e-01
0.000000000000000000e+00 2.641514716975869592e-01
0.000000000000000000e+00 2.599538420566243069e-01
0.000000000000000000e+00 2.578061287091539255e-01
0.000000000000000000e+00 2.632565288839056050e-01
0.000000000000000000e+00 2.249088704342364353e-01
0.000000000000000000e+00 1.975246820020245542e-01
0.000000000000000000e+00 2.138597671372506337e-01
0.000000000000000000e+00 1.869331431287608591e-01
0.000000000000000000e+00 2.184856974723991541e-01
0.000000000000000000e+00 2.067849124090093693e-01
0.000000000000000000e+00 1.556406116667453099e-01
0.000000000000000000e+00 1.258570617804152802e-01
0.000000000000000000e+00 1.593235701332392784e-01
0.000000000000000000e+00 1.609968943799810759e-01
0.000000000000000000e+00 1.544538766104606997e-01
0.000000000000000000e+00 1.407977272543818326e-01
0.000000000000000000e+00 1.570477634352073770e-01
0.000000000000000000e+00 1.742871194322775374e-01
0.000000000000000000e+00 1.319696934905832397e-01
0.000000000000000000e+00 1.660843159362133670e-01
0.000000000000000000e+00 1.711841114122435725e-01
0.000000000000000000e+00 1.377824371972036499e-01
0.000000000000000000e+00 1.590723106011851795e-01
0.000000000000000000e+00 1.637803407005817002e-01
0.000000000000000000e+00 1.938040247260108817e-01
0.000000000000000000e+00 2.192350336967191227e-01
0.000000000000000000e+00 2.161110825478430031e-01
0.000000000000000000e+00 2.516664459160230516e-01
0.000000000000000000e+00 2.600307674103162769e-01
0.000000000000000000e+00 2.743428511917241353e-01
0.000000000000000000e+00 2.981677380267700461e-01
0.000000000000000000e+00 3.078051331605788365e-01
0.000000000000000000e+00 3.124483957392049649e-01
0.000000000000000000e+00 3.427885645700611272e-01
0.000000000000000000e+00 3.455662020510720800e-01
0.000000000000000000e+00 3.419707589838589801e-01
0.000000000000000000e+00 3.592993181179077733e-01
0.000000000000000000e+00 3.298241955951679572e-01
0.000000000000000000e+00 3.509757826403370196e-01
