0.000000000000000000e+00 5.802814178992616624e-03
0.000000000000000000e+00 4.013350753525167340e-03
0.000000000000000000e+00 4.518677761905351767e-03
0.000000000000000000e+00 2.937567438103511237e-03
0.000000000000000000e+00 3.474704241707847214e-03
0.000000000000000000e+00 3.471933634818258688e-03
0.000000000000000000e+00 3.471213361994464688e-03
0.000000000000000000e+00 4.237063209619494619e-03
0.000000000000000000e+00 5.290103856860586817e-03
0.000000000000000000e+00 4.069875200313764660e-05
0.000000000000000000e+00 1.700967556631306267e-04
0.000000000000000000e+00 1.746022321189604658e-04
0.000000000000000000e+00 8.041196660574371536e-05
0.000000000000000000e+00 4.946296002354898594e-03
0.000000000000000000e+00 1.227926527751763575e-03
0.000000000000000000e+00 1.203583145099151267e-03
0.000000000000000000e+00 1.293056320505723633e-03
0.000000000000000000e+00 1.321805253061033181e-03
0.000000000000000000e+00 1.250888039403786787e-03
0.000000000000000000e+00 6.741492531900143638e-05
0.000000000000000000e+00 5.969380228683053628e-05
0.000000000000000000e+00 3.577530023972106055e-05
0.000000000000000000e+00 4.798855034034765006e-05
0.000000000000000000e+00 1.856080335065132334e-05
0.000000000000000000e+00 5.080082221097639633e-04
0.000000000000000000e+00 5.113930362961821661e-04
0.000000000000000000e+00 3.201255953376802924e-04
0.000000000000000000e+00 2.835577891751971027e-03
0.000000000000000000e+00 2.866112690823501789e-03
0.000000000000000000e+00 2.909885452690043513e-03
0.000000000000000000e+00 2.432593996735230198e-03
0.000000000000000000e+00 3.624169163554333273e-03
0.000000000000000000e+00 2.564517280326473938e-03
0.000000000000000000e+00 2.524581716608950265e-03
0.000000000000000000e+00 2.457827059817354297e-03
0.000000000000000000e+00 2.021911589894734990e-03
0.000000000000000000e+00 2.380545879433224564e-03
0.000000000000000000e+00 2.558033012378780648e-03
0.000000000000000000e+00 2.859113076727998019e-03
0.000000000000000000e+00 2.345384516448901276e-03
0.000000000000000000e+00 2.754412107026456193e-03
0.000000000000000000e+00 3.304761742270965856e-03
0.000000000000000000e+00 3.327326473281444225e-03
0.000000000000000000e+00 2.464827890305294061e-03
0.000000000000000000e+00 3.323888702554813907e-03
0.000000000000000000e+00 4.025997491290113535e-03
0.000000000000000000e+00 3.854076593366827577e-03
0.000000000000000000e+00 2.985071497386828938e-03
0.000000000000000000e+00 2.992180733241880941e-03
0.000000000000000000e+00 4.265509563217667610e-03
0.000000000000000000e+00 4.980138920430574045e-03
0.000000000000000000e+00 4.386408626211774769e-03
0.000000000000000000e+00 4.240593391908740670e-03
0.000000000000000000e+00 3.481389371551117662e-03
0.000000000000000000e+00 2.397601285538837005e-03
0.000000000000000000e+00 2.880511165087600370e-03
0.000000000000000000e+00 4.341279776239720042e-03
0.000000000000000000e+00 5.464133372898702726e-03
0.000000000000000000e+00 5.461720886747498116e-03
0.000000000000000000e+00 5.497517797629865310e-03
0.000000000000000000e+00 4.179308172405859188e-03
0.000000000000000000e+00 3.520945189292611684e-03
0.000000000000000000e+00 5.497861272064251924e-03
0.000000000000000000e+00 4.352348963366763773e-03
0.000000000000000000e+00 3.544947916607604169e-03
0.000000000000000000e+00 4.420135446761104189e-03
0.000000000000000000e+00 4.678403583898128014e-03
0.000000000000000000e+00 4.247038054898043431e-03
0.000000000000000000e+00 5.350000468605412875e-03
0.000000000000000000e+00 6.729286557552315202e-03
0.000000000000000000e+00 8.634480108338563747e-03
0.000000000000000000e+00 9.499385480254788142e-03
0.000000000000000000e+00 1.093027544403729102e-02
0.000000000000000000e+00 1.182443025708169657e-02
0.000000000000000000e+00 1.208510875711231447e-02
0.000000000000000000e+00 1.327513123249710048e-02
0.000000000000000000e+00 1.352032593640857538e-02
0.000000000000000000e+00 1.280395707023592421e-02
0.000000000000000000e+00 1.486794314472660201e-02
0.000000000000000000e+00 1.445218296632201117e-02
0.000000000000000000e+00 1.616260771909338104e-02
0.000000000000000000e+00 1.639039973279575110e-02
0.000000000000000000e+00 1.466878575726970023e-02
0.000000000000000000e+00 1.157337996141097509e-02
0.000000000000000000e+00 1.186356866340841296e-02
0.000000000000000000e+00 1.099262676798037040e-02
0.000000000000000000e+00 1.177132797172902000e-02
0.000000000000000000e+00 1.161227533870539709e-02
0.000000000000000000e+00 1.197630074427711265e-02
0.000000000000000000e+00 1.640726919036579121e-02
0.000000000000000000e+00 1.739603668330839265e-02
0.000000000000000000e+00 1.788695118016848246e-02
0.000000000000000000e+00 2.359688513584760894e-02
0.000000000000000000e+00 2.661771676483253371e-02
0.000000000000000000e+00 2.313483614191923221e-02
0.000000000000000000e+00 2.307826350334521437e-02
0.000000000000000000e+00 2.338823290959230958e-02
0.000000000000000000e+00 2.721446839983687402e-02
0.000000000000000000e+00 2.638754102284917788e-02
0.000000000000000000e+00 2.929941822502365317e-02
0.000000000000000000e+00 2.879612735492273479e-02
0.000000000000000000e+00 2.639592084486352963e-02
0.000000000000000000e+00 3.932285360123330409e-02
0.000000000000000000e+00 4.578956331498143517e-02
0.000000000000000000e+00 4.748623393866986675e-02
0.000000000000000000e+00 4.253086723514423045e-02
0.000000000000000000e+00 4.045696956504838543e-02
0.000000000000000000e+00 3.949026099116651617e-02
0.000000000000000000e+00 3.541716611670540915e-02
0.000000000000000000e+00 3.840154957772510397e-02
0.000000000000000000e+00 4.108850944222347534e-02
0.000000000000000000e+00 4.585413716477525214e-02
0.000000000000000000e+00 5.116201627037905708e-02
0.000000000000000000e+00 4.993829373438655322e-02
0.000000000000000000e+00 4.192349064769296946e-02
0.000000000000000000e+00 3.548118005649151391e-02
0.000000000000000000e+00 2.753351207684970325e-02
0.000000000000000000e+00 3.185306333022935171e-02
0.000000000000000000e+00 2.645579179030110167e-02
0.000000000000000000e+00 3.351938109066616989e-02
0.000000000000000000e+00 4.064493646333847826e-02
0.000000000000000000e+00 3.646665614494594421e-02
0.000000000000000000e+00 3.626391861354990448e-02
0.000000000000000000e+00 3.807326056839380191e-02
0.000000000000000000e+00 4.283784271127724641e-02
0.000000000000000000e+00 4.817063921618839478e-02
0.000000000000000000e+00 5.380099080059733835e-02
0.000000000000000000e+00 4.747657615597517672e-02
0.000000000000000000e+00 4.590551587897440805e-02
0.000000000000000000e+00 5.598833776525227041e-02
0.000000000000000000e+00 5.502475514682278468e-02
0.000000000000000000e+00 5.136400329706231754e-02
0.000000000000000000e+00 4.545384239089548389e-02
0.000000000000000000e+00 3.171787764738293047e-02
0.000000000000000000e+00 4.994680283884908589e-02
0.000000000000000000e+00 5.651768758748060284e-02
0.000000000000000000e+00 4.966906569705330232e-02
0.000000000000000000e+00 3.933978613780174383e-02
0.000000000000000000e+00 3.228321188577518153e-02
0.000000000000000000e+00 3.055835762692460031e-02
0.000000000000000000e+00 5.334228224338765506e-02
0.000000000000000000e+00 4.060340176922730415e-02
0.000000000000000000e+00 3.466841553246148566e-02
0.000000000000000000e+00 1.213784258811102801e-02
0.000000000000000000e+00 4.755608659220178155e-03
0.000000000000000000e+00 6.629386287403756309e-03
0.000000000000000000e+00 5.876594110841456414e-03
0.000000000000000000e+00 7.448910266131225991e-03
0.000000000000000000e+00 5.843075708466877703e-03
0.000000000000000000e+00 5.909046425698627654e-03
0.000000000000000000e+00 1.023790451103368665e-02
0.000000000000000000e+00 1.064737485243171140e-02
0.000000000000000000e+00 1.474166114996618322e-02
0.000000000000000000e+00 8.676797274879003222e-03
0.000000000000000000e+00 9.633820410353354999e-03
0.000000000000000000e+00 9.051437945057956222e-03
0.000000000000000000e+00 7.861418742979896582e-03
0.000000000000000000e+00 8.624087935191029550e-03
0.000000000000000000e+00 9.993565031876068885e-03
0.000000000000000000e+00 1.030425196753927825e-02
0.000000000000000000e+00 8.807154198678893847e-03
0.000000000000000000e+00 1.155334314450708923e-02
0.000000000000000000e+00 8.359038614055474062e-03
0.000000000000000000e+00 9.509282414929196015e-03
0.000000000000000000e+00 1.121963320465746254e-02
0.000000000000000000e+00 1.080470459342390555e-02
0.000000000000000000e+00 6.746384085038463485e-03
0.000000000000000000e+00 6.831994209830503754e-03
0.000000000000000000e+00 6.744512949000489553e-03
0.000000000000000000e+00 1.100718359290510720e-02
