1.000000000000000000e+02 1.832000000000000073e+00
1.110000000000000000e+02 1.907999999999999918e+00
1.220000000000000000e+02 1.978000000000000203e+00
1.340000000000000000e+02 2.053999999999999382e+00
1.470000000000000000e+02 2.139999999999999680e+00
1.620000000000000000e+02 2.241999999999999993e+00
1.780000000000000000e+02 2.352000000000000313e+00
1.950000000000000000e+02 2.450000000000000178e+00
2.150000000000000000e+02 2.547999999999999599e+00
2.360000000000000000e+02 2.657999999999999918e+00
2.600000000000000000e+02 2.792000000000000259e+00
2.860000000000000000e+02 2.891999999999999904e+00
3.140000000000000000e+02 3.025999999999999801e+00
3.460000000000000000e+02 3.165999999999999481e+00
3.800000000000000000e+02 3.299999999999999822e+00
4.180000000000000000e+02 3.459999999999999964e+00
4.600000000000000000e+02 3.620000000000000107e+00
5.060000000000000000e+02 3.780000000000000249e+00
5.560000000000000000e+02 3.959999999999999520e+00
6.120000000000000000e+02 4.147999999999998799e+00
6.730000000000000000e+02 4.346000000000000085e+00
7.410000000000000000e+02 4.534000000000000696e+00
8.150000000000000000e+02 4.776000000000000689e+00
8.960000000000000000e+02 5.003999999999999559e+00
9.850000000000000000e+02 5.240000000000000213e+00
1.084000000000000000e+03 5.466000000000000192e+00
1.192000000000000000e+03 5.698000000000000398e+00
1.311000000000000000e+03 5.951999999999999957e+00
1.443000000000000000e+03 6.208000000000000185e+00
1.587000000000000000e+03 6.479999999999999538e+00
1.745000000000000000e+03 6.806000000000000050e+00
1.920000000000000000e+03 7.136000000000000121e+00
2.112000000000000000e+03 7.487999999999999545e+00
2.323000000000000000e+03 7.822000000000000064e+00
2.555000000000000000e+03 8.198000000000000398e+00
2.811000000000000000e+03 8.519999999999999574e+00
3.092000000000000000e+03 8.936000000000001720e+00
3.401000000000000000e+03 9.346000000000000085e+00
3.741000000000000000e+03 9.720000000000000639e+00
4.115000000000000000e+03 1.016199999999999903e+01
4.526000000000000000e+03 1.058000000000000185e+01
4.979000000000000000e+03 1.105600000000000094e+01
5.477000000000000000e+03 1.155799999999999805e+01
6.025000000000000000e+03 1.207799999999999940e+01
6.627000000000000000e+03 1.262799999999999834e+01
7.290000000000000000e+03 1.313199999999999967e+01
8.018000000000000000e+03 1.372199999999999953e+01
8.820000000000000000e+03 1.429000000000000092e+01
9.702000000000000000e+03 1.491399999999999793e+01
1.067200000000000000e+04 1.555000000000000071e+01
1.174000000000000000e+04 1.629400000000000404e+01
1.291300000000000000e+04 1.698799999999999955e+01
1.420500000000000000e+04 1.770199999999999818e+01
1.562500000000000000e+04 1.853399999999999892e+01
1.718800000000000000e+04 1.935799999999999699e+01
1.890600000000000000e+04 2.018799999999999883e+01
2.079700000000000000e+04 2.100399999999999778e+01
2.287700000000000000e+04 2.186999999999999744e+01
2.516400000000000000e+04 2.283200000000000074e+01
2.768100000000000000e+04 2.381800000000000139e+01
3.044900000000000000e+04 2.485600000000000165e+01
3.349300000000000000e+04 2.581599999999999540e+01
3.684300000000000000e+04 2.688199999999999790e+01
4.052700000000000000e+04 2.798599999999999710e+01
4.458000000000000000e+04 2.912200000000000344e+01
4.903800000000000000e+04 3.029000000000000270e+01
5.394100000000000000e+04 3.142799999999999727e+01
5.933500000000000000e+04 3.275199999999999534e+01
6.526900000000000000e+04 3.404199999999999449e+01
7.179600000000000000e+04 3.532200000000000273e+01
7.897500000000000000e+04 3.666400000000000148e+01
8.687300000000000000e+04 3.802599999999999625e+01
9.556000000000000000e+04 3.952399999999999380e+01
1.051160000000000000e+05 4.098599999999999710e+01
1.156270000000000000e+05 4.237800000000000011e+01
1.271900000000000000e+05 4.391799999999999926e+01
1.399090000000000000e+05 4.553199999999999648e+01
1.539000000000000000e+05 4.701000000000000512e+01
1.692900000000000000e+05 4.853400000000000603e+01
1.862190000000000000e+05 5.015800000000000125e+01
2.048410000000000000e+05 5.184600000000000364e+01
2.253250000000000000e+05 5.350000000000000000e+01
2.478570000000000000e+05 5.518199999999999505e+01
2.726430000000000000e+05 5.693199999999999505e+01
2.999070000000000000e+05 5.857399999999999807e+01
3.298970000000000000e+05 6.034799999999999187e+01
3.628870000000000000e+05 6.212000000000000455e+01
3.991760000000000000e+05 6.388000000000000966e+01
4.390930000000000000e+05 6.568399999999999750e+01
4.830030000000000000e+05 6.752200000000000557e+01
5.313030000000000000e+05 6.941400000000000148e+01
5.844330000000000000e+05 7.123799999999999955e+01
6.428760000000000000e+05 7.284200000000001296e+01
7.071640000000000000e+05 7.457800000000000296e+01
7.778800000000000000e+05 7.642600000000000193e+01
8.556680000000000000e+05 7.816200000000000614e+01
9.412350000000000000e+05 8.001399999999999579e+01
1.035358000000000000e+06 8.183199999999999363e+01
1.138894000000000000e+06 8.362800000000001432e+01
1.252783000000000000e+06 8.537600000000000477e+01
1.378062000000000000e+06 8.707599999999999341e+01
1.515868000000000000e+06 8.883599999999998431e+01
1.667455000000000000e+06 9.052799999999999159e+01
1.834200000000000000e+06 9.233400000000000318e+01
2.017620000000000000e+06 9.396599999999997976e+01
2.219382000000000000e+06 9.561400000000000432e+01
2.441320000000000000e+06 9.723799999999999955e+01
2.685452000000000000e+06 9.881800000000001205e+01
2.953997000000000000e+06 1.004839999999999947e+02
3.249397000000000000e+06 1.018960000000000008e+02
3.574336000000000000e+06 1.033520000000000039e+02
3.931770000000000000e+06 1.047999999999999972e+02
4.324947000000000000e+06 1.061859999999999928e+02
4.757442000000000000e+06 1.076100000000000136e+02
5.233186000000000000e+06 1.089039999999999964e+02
5.756504000000000000e+06 1.101700000000000017e+02
6.332155000000000000e+06 1.114200000000000017e+02
6.965370000000000000e+06 1.126219999999999999e+02
7.661907000000000000e+06 1.137940000000000111e+02
8.428098000000000000e+06 1.149620000000000175e+02
9.270907000000000000e+06 1.161119999999999948e+02
1.019799800000000000e+07 1.172579999999999956e+02
1.121779800000000000e+07 1.183580000000000183e+02
1.233957800000000000e+07 1.193880000000000052e+02
1.357353500000000000e+07 1.204000000000000057e+02
1.493088900000000000e+07 1.213820000000000192e+02
1.642397800000000000e+07 1.223299999999999983e+02
1.806637500000000000e+07 1.232380000000000138e+02
1.987301300000000000e+07 1.240979999999999990e+02
2.186031400000000000e+07 1.249960000000000093e+02
2.404634500000000000e+07 1.258780000000000001e+02
2.645098000000000000e+07 1.267000000000000028e+02
2.909607800000000000e+07 1.275440000000000111e+02
3.200568500000000000e+07 1.282520000000000095e+02
3.520625400000000000e+07 1.289639999999999986e+02
3.872687900000000000e+07 1.296380000000000052e+02
4.259956700000000000e+07 1.303600000000000136e+02
4.685952400000000000e+07 1.310259999999999820e+02
5.154547600000000000e+07 1.316100000000000136e+02
5.670002400000000000e+07 1.321719999999999970e+02
6.237002600000000000e+07 1.327680000000000007e+02
6.860702900000000000e+07 1.332959999999999923e+02
7.546773100000000000e+07 1.338679999999999950e+02
8.301450500000000000e+07 1.344259999999999877e+02
9.131595500000000000e+07 1.348499999999999943e+02
1.004475500000000000e+08 1.353480000000000132e+02
1.104923050000000000e+08 1.357980000000000018e+02
1.215415360000000000e+08 1.362320000000000277e+02
1.336956890000000000e+08 1.366620000000000061e+02
1.470652580000000000e+08 1.370600000000000023e+02
1.617717840000000000e+08 1.374979999999999905e+02
1.779489620000000000e+08 1.378679999999999950e+02
1.957438590000000000e+08 1.382259999999999991e+02
2.153182440000000000e+08 1.386099999999999852e+02
2.368500690000000000e+08 1.389499999999999886e+02
2.605350760000000000e+08 1.392479999999999905e+02
2.865885830000000000e+08 1.395559999999999832e+02
3.152474410000000000e+08 1.398699999999999761e+02
3.467721860000000000e+08 1.401619999999999777e+02
3.814494040000000000e+08 1.404120000000000061e+02
4.195943440000000000e+08 1.407019999999999982e+02
4.615537790000000000e+08 1.409399999999999977e+02
5.077091570000000000e+08 1.411719999999999686e+02
5.584800720000000000e+08 1.413859999999999957e+02
6.143280790000000000e+08 1.416260000000000048e+02
6.757608870000000000e+08 1.418180000000000121e+02
7.433369760000000000e+08 1.420079999999999814e+02
8.176706740000000000e+08 1.422400000000000091e+02
8.994377410000000000e+08 1.424520000000000266e+02
9.893815150000000000e+08 1.426320000000000050e+02
