100 1.710000
111 1.770000
122 1.890000
134 1.960000
147 2.040000
162 2.150000
178 2.250000
195 2.370000
215 2.510000
236 2.610000
260 2.740000
286 2.860000
314 2.970000
346 3.150000
380 3.290000
418 3.430000
460 3.610000
506 3.770000
556 4.010000
612 4.140000
673 4.330000
741 4.490000
815 4.660000
896 4.830000
985 5.040000
1084 5.320000
1192 5.500000
1311 5.740000
1443 6.080000
1587 6.430000
1745 6.740000
1920 7.000000
2112 7.370000
2323 7.690000
2555 8.020000
2811 8.330000
3092 8.700000
3401 9.080000
3741 9.410000
4115 9.890000
4526 10.350000
4979 10.840000
5477 11.290000
6025 11.880000
6627 12.390000
7290 12.980000
8018 13.680000
8820 14.380000
9702 15.010000
10672 15.670000
11740 16.340000
12913 17.170000
14205 17.830000
15625 18.610000
17188 19.510000
18906 20.180000
20797 21.150000
22877 22.010000
25164 22.730000
27681 23.590000
30449 24.380000
33493 25.340000
36843 26.120000
40527 26.850000
44580 27.200000
49038 27.050000
53941 26.550000
59335 25.820000
65269 24.450000
71796 23.150000
78975 21.670000
86873 19.270000
95560 17.870000
105116 17.610000
115627 16.270000
127190 15.550000
139909 14.970000
153900 14.550000
169290 14.150000
186219 14.020000
204841 13.870000
225325 13.820000
247857 13.650000
272643 13.510000
299907 13.590000
329897 13.410000
362887 13.000000
399176 13.440000
439093 12.990000
483003 13.060000
531303 12.770000
584433 12.880000
642876 13.100000
707164 12.650000
777880 12.840000
855668 12.310000
941235 12.230000
1035358 12.490000
1138894 12.420000
1252783 11.880000
1378062 12.100000
1515868 12.220000
1667455 11.940000
1834200 11.800000
2017620 11.810000
2219382 12.110000
2441320 11.980000
2685452 12.010000
2953997 11.760000
3249397 11.690000
3574336 11.790000
3931770 11.800000
4324947 11.710000
4757442 11.790000
5233186 11.600000
5756504 11.660000
6332155 11.650000
6965370 11.720000
7661907 11.540000
8428098 11.590000
9270907 11.550000
10197998 11.550000
11217798 11.540000
12339578 11.620000
13573535 11.580000
14930889 11.540000
16423978 11.620000
18066375 11.580000
19873013 11.540000
21860314 11.550000
24046345 11.530000
26450980 11.570000
29096078 11.540000
32005685 11.540000
35206254 11.520000
38726879 11.500000
42599567 11.540000
46859524 11.540000
51545476 11.540000
56700024 11.550000
62370026 11.600000
68607029 11.500000
75467731 11.540000
83014505 11.570000
91315955 11.540000
100447550 11.540000
110492305 11.550000
121541536 11.500000
133695689 11.520000
147065258 11.500000
161771784 11.500000
177948962 11.540000
195743859 11.520000
215318244 11.540000
236850069 11.540000
260535076 11.540000
286588583 11.500000
315247441 11.560000
346772186 11.520000
381449404 11.520000
419594344 11.500000
461553779 11.500000
507709157 11.520000
558480072 11.520000
614328079 11.500000
675760887 11.520000
743336976 11.500000
817670674 11.500000
899437741 11.520000
989381515 11.520000
100 11.540000
111 11.540000
122 11.540000
134 11.540000
147 11.560000
162 11.560000
178 11.560000
195 11.560000
215 11.560000
236 11.560000
260 11.560000
286 11.560000
314 11.560000
346 11.560000
380 11.560000
418 11.560000
460 11.560000
506 11.580000
556 11.580000
612 11.580000
673 11.600000
741 11.630000
815 11.640000
896 11.640000
985 11.670000
1084 11.670000
1192 11.710000
1311 11.710000
1443 11.760000
1587 11.840000
1745 11.990000
1920 11.990000
2112 12.050000
2323 12.190000
2555 12.290000
2811 12.480000
3092 12.620000
3401 12.900000
3741 13.200000
4115 13.470000
4526 13.730000
4979 14.200000
5477 14.850000
6025 15.440000
6627 16.150000
7290 17.100000
8018 18.090000
8820 19.070000
9702 20.700000
10672 22.220000
11740 23.920000
12913 26.030000
14205 28.200000
15625 30.390000
17188 32.710000
18906 35.140000
20797 37.340000
22877 39.990000
25164 43.150000
27681 45.910000
30449 48.770000
33493 51.520000
36843 53.990000
40527 57.310000
44580 59.870000
49038 61.690000
53941 64.350000
59335 66.450000
65269 67.940000
71796 69.080000
78975 69.580000
86873 69.510000
95560 69.960000
105116 70.060000
115627 68.460000
127190 67.210000
139909 64.180000
153900 60.880000
169290 58.050000
186219 54.480000
204841 49.990000
225325 46.170000
247857 43.180000
272643 40.650000
299907 38.630000
329897 37.200000
362887 36.430000
399176 35.830000
439093 35.460000
483003 35.660000
531303 35.270000
584433 35.020000
642876 34.610000
707164 33.760000
777880 33.030000
855668 32.930000
941235 33.000000
1035358 32.880000
1138894 33.100000
1252783 32.980000
1378062 32.750000
1515868 32.520000
1667455 32.150000
1834200 32.040000
2017620 32.000000
2219382 32.050000
2441320 31.110000
2685452 30.020000
2953997 30.020000
3249397 30.090000
3574336 30.060000
3931770 30.050000
4324947 29.970000
4757442 30.010000
5233186 30.040000
5756504 30.090000
6332155 30.030000
6965370 30.030000
7661907 30.080000
8428098 30.020000
9270907 30.020000
10197998 29.900000
11217798 29.850000
12339578 29.930000
13573535 29.050000
14930889 29.020000
16423978 29.060000
18066375 29.050000
19873013 29.020000
21860314 29.060000
24046345 29.140000
26450980 29.020000
29096078 29.020000
32005685 28.960000
35206254 29.060000
38726879 28.030000
42599567 28.030000
46859524 28.110000
51545476 28.020000
56700024 28.000000
62370026 27.930000
68607029 28.020000
75467731 27.970000
83014505 28.090000
91315955 27.980000
100447550 27.990000
110492305 27.980000
121541536 27.040000
133695689 27.070000
147065258 27.090000
161771784 27.110000
177948962 27.070000
195743859 27.040000
215318244 25.980000
236850069 26.140000
260535076 26.000000
286588583 26.020000
315247441 26.070000
346772186 26.030000
381449404 26.070000
419594344 26.080000
461553779 26.020000
507709157 26.130000
558480072 26.030000
614328079 26.000000
675760887 26.000000
743336976 24.060000
817670674 24.050000
899437741 24.030000
989381515 24.020000
