100 1.780000
111 1.850000
122 1.950000
134 2.030000
147 2.110000
162 2.190000
178 2.280000
195 2.390000
215 2.430000
236 2.510000
260 2.620000
286 2.750000
314 2.900000
346 3.010000
380 3.170000
418 3.360000
460 3.470000
506 3.610000
556 3.750000
612 3.930000
673 4.050000
741 4.180000
815 4.370000
896 4.550000
985 4.730000
1084 4.850000
1192 4.990000
1311 5.190000
1443 5.390000
1587 5.550000
1745 5.790000
1920 6.080000
2112 6.360000
2323 6.620000
2555 6.890000
2811 7.140000
3092 7.390000
3401 7.710000
3741 7.990000
4115 8.310000
4526 8.580000
4979 8.950000
5477 9.400000
6025 9.710000
6627 10.000000
7290 10.280000
8018 10.620000
8820 10.950000
9702 11.400000
10672 11.700000
11740 12.070000
12913 12.400000
14205 12.760000
15625 13.130000
17188 13.490000
18906 13.630000
20797 13.750000
22877 13.850000
25164 13.530000
27681 13.190000
30449 12.540000
33493 11.630000
36843 10.820000
40527 10.380000
44580 9.850000
49038 9.140000
53941 8.620000
59335 8.270000
65269 7.950000
71796 7.540000
78975 7.490000
86873 7.450000
95560 7.360000
105116 7.270000
115627 7.170000
127190 7.240000
139909 7.180000
153900 7.090000
169290 7.170000
186219 7.230000
204841 7.260000
225325 7.060000
247857 7.060000
272643 7.130000
299907 7.140000
329897 7.110000
362887 7.100000
399176 7.160000
439093 7.050000
483003 7.060000
531303 7.050000
584433 7.020000
642876 7.030000
707164 7.040000
777880 7.020000
855668 7.030000
941235 7.000000
1035358 7.020000
1138894 7.030000
1252783 7.060000
1378062 7.060000
1515868 7.030000
1667455 7.000000
1834200 7.040000
2017620 7.020000
2219382 7.020000
2441320 7.020000
2685452 7.020000
2953997 7.000000
3249397 7.000000
3574336 7.020000
3931770 7.040000
4324947 7.000000
4757442 7.000000
5233186 7.000000
5756504 7.020000
6332155 7.020000
6965370 7.000000
7661907 7.020000
8428098 7.000000
9270907 7.020000
10197998 7.000000
11217798 7.000000
12339578 7.000000
13573535 7.000000
14930889 7.000000
16423978 7.020000
18066375 7.020000
19873013 7.040000
21860314 7.000000
24046345 7.020000
26450980 7.000000
29096078 7.000000
32005685 7.000000
35206254 7.000000
38726879 7.060000
42599567 7.020000
46859524 7.020000
51545476 7.040000
56700024 7.000000
62370026 7.000000
68607029 7.020000
75467731 7.020000
83014505 7.000000
91315955 7.000000
100447550 7.020000
110492305 7.020000
121541536 7.040000
133695689 7.000000
147065258 7.020000
161771784 7.000000
177948962 7.020000
195743859 7.020000
215318244 7.020000
236850069 7.020000
260535076 7.000000
286588583 7.020000
315247441 7.000000
346772186 7.040000
381449404 7.020000
419594344 7.020000
461553779 7.020000
507709157 7.000000
558480072 7.020000
614328079 7.020000
675760887 7.020000
743336976 7.040000
817670674 7.000000
899437741 7.020000
989381515 7.000000
100 7.380000
111 7.400000
122 7.470000
134 7.470000
147 7.490000
162 7.540000
178 7.580000
195 7.620000
215 7.720000
236 7.790000
260 7.820000
286 7.860000
314 7.890000
346 7.910000
380 7.960000
418 8.020000
460 8.100000
506 8.150000
556 8.310000
612 8.470000
673 8.510000
741 8.550000
815 8.670000
896 8.710000
985 8.830000
1084 8.900000
1192 9.030000
1311 9.170000
1443 9.300000
1587 9.470000
1745 9.620000
1920 9.760000
2112 9.820000
2323 9.970000
2555 10.030000
2811 10.140000
3092 10.180000
3401 10.400000
3741 10.590000
4115 10.770000
4526 10.860000
4979 11.050000
5477 11.250000
6025 11.360000
6627 11.610000
7290 11.740000
8018 11.870000
8820 12.100000
9702 12.230000
10672 12.230000
11740 12.180000
12913 12.180000
14205 12.310000
15625 12.260000
17188 12.320000
18906 12.420000
20797 12.340000
22877 12.420000
25164 12.400000
27681 12.320000
30449 12.210000
33493 12.150000
36843 12.080000
40527 12.120000
44580 12.050000
49038 12.220000
53941 12.330000
59335 12.340000
65269 12.240000
71796 12.240000
78975 12.170000
86873 12.070000
95560 12.240000
105116 12.090000
115627 12.250000
127190 12.400000
139909 12.590000
153900 12.740000
169290 12.760000
186219 12.890000
204841 12.980000
225325 13.100000
247857 13.510000
272643 13.560000
299907 13.610000
329897 13.460000
362887 13.120000
399176 12.630000
439093 12.140000
483003 11.340000
531303 10.860000
584433 10.390000
642876 10.120000
707164 9.800000
777880 9.550000
855668 9.410000
941235 9.320000
1035358 9.300000
1138894 9.220000
1252783 9.310000
1378062 9.320000
1515868 9.380000
1667455 9.190000
1834200 9.220000
2017620 9.430000
2219382 9.330000
2441320 9.440000
2685452 9.500000
2953997 9.330000
3249397 9.260000
3574336 9.350000
3931770 9.270000
4324947 9.280000
4757442 9.230000
5233186 9.290000
5756504 9.360000
6332155 9.270000
6965370 9.340000
7661907 9.400000
8428098 9.220000
9270907 9.370000
10197998 9.450000
11217798 9.180000
12339578 9.390000
13573535 9.220000
14930889 9.300000
16423978 9.210000
18066375 9.170000
19873013 9.310000
21860314 9.330000
24046345 9.330000
26450980 9.220000
29096078 9.520000
32005685 9.330000
35206254 9.220000
38726879 9.320000
42599567 9.500000
46859524 9.300000
51545476 9.250000
56700024 9.290000
62370026 9.160000
68607029 9.270000
75467731 9.370000
83014505 9.300000
91315955 9.300000
100447550 9.250000
110492305 9.330000
121541536 9.320000
133695689 9.320000
147065258 9.350000
161771784 9.310000
177948962 9.330000
195743859 9.230000
215318244 9.290000
236850069 9.360000
260535076 9.340000
286588583 9.380000
315247441 9.180000
346772186 9.310000
381449404 9.370000
419594344 9.090000
461553779 9.260000
507709157 9.320000
558480072 9.300000
614328079 9.230000
675760887 9.350000
743336976 9.360000
817670674 9.230000
899437741 9.130000
989381515 8.350000
