1.000000000000000000e+02 1.893888888888888532e-03
1.110000000000000000e+02 1.640888888888888779e-03
1.220000000000000000e+02 1.389777777777777539e-03
1.340000000000000000e+02 1.237777777777777748e-03
1.470000000000000000e+02 1.117444444444444344e-03
1.620000000000000000e+02 9.977777777777779855e-04
1.780000000000000000e+02 8.296666666666665949e-04
1.950000000000000000e+02 7.121111111111110611e-04
2.150000000000000000e+02 6.666666666666666444e-04
2.360000000000000000e+02 6.155555555555554956e-04
2.600000000000000000e+02 4.900000000000000926e-04
2.860000000000000000e+02 4.126666666666667046e-04
3.140000000000000000e+02 4.341111111111111884e-04
3.460000000000000000e+02 4.357777777777777691e-04
3.800000000000000000e+02 3.955555555555555149e-04
4.180000000000000000e+02 3.357777777777777779e-04
4.600000000000000000e+02 3.109999999999999158e-04
5.060000000000000000e+02 3.383333333333334437e-04
5.560000000000000000e+02 3.458888888888889601e-04
6.120000000000000000e+02 3.266666666666667284e-04
6.730000000000000000e+02 3.592222222222222561e-04
7.410000000000000000e+02 5.583333333333333160e-04
8.150000000000000000e+02 6.694444444444442970e-04
8.960000000000000000e+02 8.256666666666667145e-04
9.850000000000000000e+02 1.004777777777777830e-03
1.084000000000000000e+03 1.131444444444444468e-03
1.192000000000000000e+03 1.289111111111111100e-03
1.311000000000000000e+03 1.599666666666666771e-03
1.443000000000000000e+03 1.976888888888889140e-03
1.587000000000000000e+03 1.991666666666666759e-03
1.745000000000000000e+03 2.337444444444444509e-03
1.920000000000000000e+03 2.803333333333333458e-03
2.112000000000000000e+03 3.124666666666666218e-03
2.323000000000000000e+03 3.384444444444444262e-03
2.555000000000000000e+03 3.718444444444444792e-03
2.811000000000000000e+03 4.322999999999999586e-03
3.092000000000000000e+03 4.948888888888888955e-03
3.401000000000000000e+03 5.660000000000000100e-03
3.741000000000000000e+03 6.173333333333332756e-03
4.115000000000000000e+03 6.825666666666666514e-03
4.526000000000000000e+03 7.367333333333333373e-03
4.979000000000000000e+03 8.178666666666665683e-03
5.477000000000000000e+03 8.815555555555555645e-03
6.025000000000000000e+03 9.496222222222220136e-03
6.627000000000000000e+03 1.021655555555555685e-02
7.290000000000000000e+03 1.167444444444444389e-02
8.018000000000000000e+03 1.324944444444444390e-02
8.820000000000000000e+03 1.453733333333333440e-02
9.702000000000000000e+03 1.609555555555555392e-02
1.067200000000000000e+04 1.740133333333333462e-02
1.174000000000000000e+04 1.912177777777777574e-02
1.291300000000000000e+04 2.122811111111111079e-02
1.420500000000000000e+04 2.357111111111111212e-02
1.562500000000000000e+04 2.540177777777778353e-02
1.718800000000000000e+04 2.835077777777778030e-02
1.890600000000000000e+04 3.074866666666666373e-02
2.079700000000000000e+04 3.427377777777777107e-02
2.287700000000000000e+04 3.744011111111111151e-02
2.516400000000000000e+04 4.217855555555555247e-02
2.768100000000000000e+04 4.720299999999999496e-02
3.044900000000000000e+04 5.184011111111111458e-02
3.349300000000000000e+04 5.398922222222222317e-02
3.684300000000000000e+04 5.726233333333333175e-02
4.052700000000000000e+04 6.162277777777777632e-02
4.458000000000000000e+04 6.637166666666666215e-02
4.903800000000000000e+04 7.177677777777778656e-02
5.394100000000000000e+04 7.504944444444444640e-02
5.933500000000000000e+04 7.903111111111112141e-02
6.526900000000000000e+04 8.486555555555555519e-02
7.179600000000000000e+04 8.866688888888889231e-02
7.897500000000000000e+04 9.256933333333333680e-02
8.687300000000000000e+04 9.553755555555555612e-02
9.556000000000000000e+04 1.020741111111111293e-01
1.051160000000000000e+05 1.050585555555555578e-01
1.156270000000000000e+05 1.078813333333333291e-01
1.271900000000000000e+05 1.138771111111111373e-01
1.399090000000000000e+05 1.185450000000000254e-01
1.539000000000000000e+05 1.238407777777777857e-01
1.692900000000000000e+05 1.300127777777777827e-01
1.862190000000000000e+05 1.335376666666666656e-01
2.048410000000000000e+05 1.369228888888888718e-01
2.253250000000000000e+05 1.430006666666666648e-01
2.478570000000000000e+05 1.461065555555555451e-01
2.726430000000000000e+05 1.492753333333333432e-01
2.999070000000000000e+05 1.535755555555555485e-01
3.298970000000000000e+05 1.597655555555555495e-01
3.628870000000000000e+05 1.671598888888888856e-01
3.991760000000000000e+05 1.744028888888888573e-01
4.390930000000000000e+05 1.774825555555555601e-01
4.830030000000000000e+05 1.881815555555555741e-01
5.313030000000000000e+05 1.913992222222221928e-01
5.844330000000000000e+05 1.985228888888888876e-01
6.428760000000000000e+05 2.060493333333333066e-01
7.071640000000000000e+05 2.159566666666666857e-01
7.778800000000000000e+05 2.223334444444444447e-01
8.556680000000000000e+05 2.284123333333333283e-01
9.412350000000000000e+05 2.372873333333333223e-01
1.035358000000000000e+06 2.506044444444444630e-01
1.138894000000000000e+06 2.503589999999999982e-01
1.252783000000000000e+06 2.585621111111111037e-01
1.378062000000000000e+06 2.683533333333333881e-01
1.515868000000000000e+06 2.754001111111110678e-01
1.667455000000000000e+06 2.954423333333333068e-01
1.834200000000000000e+06 3.022772222222221972e-01
2.017620000000000000e+06 3.018897777777777569e-01
2.219382000000000000e+06 3.133675555555555103e-01
2.441320000000000000e+06 3.166341111111111717e-01
2.685452000000000000e+06 3.312766666666667192e-01
2.953997000000000000e+06 3.411132222222222343e-01
3.249397000000000000e+06 3.387098888888889214e-01
3.574336000000000000e+06 3.489271111111111323e-01
3.931770000000000000e+06 3.552764444444444503e-01
4.324947000000000000e+06 3.603211111111110920e-01
4.757442000000000000e+06 3.706471111111110939e-01
5.233186000000000000e+06 3.811255555555556063e-01
5.756504000000000000e+06 3.885202222222221558e-01
6.332155000000000000e+06 4.058952222222222406e-01
6.965370000000000000e+06 4.157016666666666915e-01
7.661907000000000000e+06 4.221672222222222493e-01
8.428098000000000000e+06 4.179109999999999214e-01
9.270907000000000000e+06 4.129143333333333832e-01
1.019799800000000000e+07 4.269798888888888255e-01
1.121779800000000000e+07 4.392073333333333385e-01
1.233957800000000000e+07 4.395121111111111589e-01
1.357353500000000000e+07 4.473407777777778094e-01
1.493088900000000000e+07 4.494524444444444877e-01
1.642397800000000000e+07 4.511676666666666335e-01
1.806637500000000000e+07 4.606391111111111103e-01
1.987301300000000000e+07 4.722458888888888540e-01
2.186031400000000000e+07 4.827695555555555629e-01
2.404634500000000000e+07 4.637170000000000458e-01
2.645098000000000000e+07 4.770689999999999653e-01
2.909607800000000000e+07 4.976990000000001135e-01
3.200568500000000000e+07 4.822446666666667103e-01
3.520625400000000000e+07 4.864972222222221920e-01
3.872687900000000000e+07 4.974927777777777838e-01
4.259956700000000000e+07 5.084692222222222391e-01
4.685952400000000000e+07 4.997931111111111324e-01
5.154547600000000000e+07 5.048242222222222297e-01
5.670002400000000000e+07 5.127001111111111342e-01
6.237002600000000000e+07 5.108001111111111214e-01
6.860702900000000000e+07 5.084597777777777328e-01
7.546773100000000000e+07 5.176816666666667066e-01
8.301450500000000000e+07 5.248106666666667586e-01
9.131595500000000000e+07 5.238530000000000131e-01
1.004475500000000000e+08 5.207171111111110751e-01
1.104923050000000000e+08 5.214500000000000801e-01
1.215415360000000000e+08 5.246960000000000512e-01
1.336956890000000000e+08 5.227427777777777784e-01
1.470652580000000000e+08 5.218434444444444154e-01
1.617717840000000000e+08 5.216034444444443974e-01
1.779489620000000000e+08 5.243035555555555227e-01
1.957438590000000000e+08 5.242618888888888051e-01
2.153182440000000000e+08 5.241472222222222088e-01
2.368500690000000000e+08 5.263162222222222963e-01
2.605350760000000000e+08 5.287109999999999310e-01
2.865885830000000000e+08 5.222532222222222575e-01
3.152474410000000000e+08 5.242038888888889137e-01
3.467721860000000000e+08 5.210188888888889203e-01
3.814494040000000000e+08 5.258140000000000036e-01
4.195943440000000000e+08 5.301571111111110790e-01
4.615537790000000000e+08 5.298372222222221817e-01
5.077091570000000000e+08 5.220298888888889044e-01
5.584800720000000000e+08 5.268351111111111429e-01
6.143280790000000000e+08 5.200093333333333234e-01
6.757608870000000000e+08 5.235906666666666487e-01
7.433369760000000000e+08 5.254142222222222269e-01
8.176706740000000000e+08 5.283430000000001181e-01
8.994377410000000000e+08 5.247331111111112056e-01
9.893815150000000000e+08 5.335383333333333367e-01
