1.000000000000000000e+02 1.656399999999999930e-03
1.110000000000000000e+02 1.638599999999999822e-03
1.220000000000000000e+02 1.594599999999999837e-03
1.340000000000000000e+02 1.469000000000000037e-03
1.470000000000000000e+02 1.440199999999999770e-03
1.620000000000000000e+02 1.354999999999999868e-03
1.780000000000000000e+02 1.232200000000000135e-03
1.950000000000000000e+02 1.115800000000000125e-03
2.150000000000000000e+02 8.888000000000000284e-04
2.360000000000000000e+02 9.102000000000001149e-04
2.600000000000000000e+02 8.493999999999999381e-04
2.860000000000000000e+02 8.814000000000000654e-04
3.140000000000000000e+02 8.457999999999998506e-04
3.460000000000000000e+02 7.333999999999999374e-04
3.800000000000000000e+02 7.065999999999999365e-04
4.180000000000000000e+02 7.111999999999999399e-04
4.600000000000000000e+02 7.868000000000000427e-04
5.060000000000000000e+02 8.566000000000001131e-04
5.560000000000000000e+02 1.075800000000000020e-03
6.120000000000000000e+02 1.154799999999999880e-03
6.730000000000000000e+02 1.092800000000000108e-03
7.410000000000000000e+02 1.254799999999999926e-03
8.150000000000000000e+02 1.377399999999999979e-03
8.960000000000000000e+02 1.667599999999999985e-03
9.850000000000000000e+02 1.884400000000000051e-03
1.084000000000000000e+03 2.126799999999999871e-03
1.192000000000000000e+03 2.082800000000000103e-03
1.311000000000000000e+03 2.104400000000000194e-03
1.443000000000000000e+03 2.404600000000000227e-03
1.587000000000000000e+03 2.640400000000000212e-03
1.745000000000000000e+03 2.790599999999999851e-03
1.920000000000000000e+03 2.989200000000000017e-03
2.112000000000000000e+03 3.283600000000000234e-03
2.323000000000000000e+03 3.450600000000000282e-03
2.555000000000000000e+03 3.827800000000000560e-03
2.811000000000000000e+03 3.837600000000000039e-03
3.092000000000000000e+03 4.146999999999999645e-03
3.401000000000000000e+03 4.498600000000000168e-03
3.741000000000000000e+03 4.601200000000000602e-03
4.115000000000000000e+03 4.893199999999999460e-03
4.526000000000000000e+03 5.532799999999999177e-03
4.979000000000000000e+03 5.694000000000000276e-03
5.477000000000000000e+03 6.315600000000000207e-03
6.025000000000000000e+03 6.367799999999999849e-03
6.627000000000000000e+03 6.652199999999999606e-03
7.290000000000000000e+03 6.892800000000000142e-03
8.018000000000000000e+03 6.910600000000000250e-03
8.820000000000000000e+03 7.421800000000000966e-03
9.702000000000000000e+03 7.627200000000000646e-03
1.067200000000000000e+04 7.890799999999999897e-03
1.174000000000000000e+04 8.077199999999999658e-03
1.291300000000000000e+04 8.871399999999999772e-03
1.420500000000000000e+04 9.024000000000000771e-03
1.562500000000000000e+04 9.902600000000000985e-03
1.718800000000000000e+04 1.075759999999999911e-02
1.890600000000000000e+04 1.111760000000000005e-02
2.079700000000000000e+04 1.159220000000000042e-02
2.287700000000000000e+04 1.244400000000000020e-02
2.516400000000000000e+04 1.296539999999999845e-02
2.768100000000000000e+04 1.357739999999999989e-02
3.044900000000000000e+04 1.423720000000000020e-02
3.349300000000000000e+04 1.536399999999999919e-02
3.684300000000000000e+04 1.602419999999999886e-02
4.052700000000000000e+04 1.715019999999999739e-02
4.458000000000000000e+04 1.782399999999999957e-02
4.903800000000000000e+04 1.858660000000000173e-02
5.394100000000000000e+04 1.923679999999999835e-02
5.933500000000000000e+04 2.016319999999999918e-02
6.526900000000000000e+04 2.107619999999999980e-02
7.179600000000000000e+04 2.194159999999999860e-02
7.897500000000000000e+04 2.300959999999999811e-02
8.687300000000000000e+04 2.395239999999999869e-02
9.556000000000000000e+04 2.477259999999999879e-02
1.051160000000000000e+05 2.632659999999999861e-02
1.156270000000000000e+05 2.720620000000000330e-02
1.271900000000000000e+05 2.901400000000000159e-02
1.399090000000000000e+05 3.060399999999999926e-02
1.539000000000000000e+05 3.179680000000000006e-02
1.692900000000000000e+05 3.328379999999999533e-02
1.862190000000000000e+05 3.495120000000000171e-02
2.048410000000000000e+05 3.621499999999999719e-02
2.253250000000000000e+05 3.854000000000000481e-02
2.478570000000000000e+05 4.014160000000000644e-02
2.726430000000000000e+05 4.200059999999999905e-02
2.999070000000000000e+05 4.404439999999999744e-02
3.298970000000000000e+05 4.576519999999999200e-02
3.628870000000000000e+05 4.704219999999999929e-02
3.991760000000000000e+05 4.941899999999999071e-02
4.390930000000000000e+05 5.156159999999999910e-02
4.830030000000000000e+05 5.368580000000000574e-02
5.313030000000000000e+05 5.668279999999999846e-02
5.844330000000000000e+05 5.870419999999999805e-02
6.428760000000000000e+05 6.114340000000000053e-02
7.071640000000000000e+05 6.496140000000000247e-02
7.778800000000000000e+05 6.709879999999998623e-02
8.556680000000000000e+05 7.107120000000001492e-02
9.412350000000000000e+05 7.420060000000000544e-02
1.035358000000000000e+06 7.731879999999999309e-02
1.138894000000000000e+06 8.018100000000000227e-02
1.252783000000000000e+06 8.395579999999999710e-02
1.378062000000000000e+06 8.736059999999999659e-02
1.515868000000000000e+06 9.170620000000000160e-02
1.667455000000000000e+06 9.533479999999998344e-02
1.834200000000000000e+06 9.972699999999998233e-02
2.017620000000000000e+06 1.044100000000000028e-01
2.219382000000000000e+06 1.075591999999999937e-01
2.441320000000000000e+06 1.129903999999999770e-01
2.685452000000000000e+06 1.178773999999999933e-01
2.953997000000000000e+06 1.238744000000000234e-01
3.249397000000000000e+06 1.283560000000000256e-01
3.574336000000000000e+06 1.321093999999999880e-01
3.931770000000000000e+06 1.359020000000000228e-01
4.324947000000000000e+06 1.407797999999999827e-01
4.757442000000000000e+06 1.473717999999999972e-01
5.233186000000000000e+06 1.519896000000000025e-01
5.756504000000000000e+06 1.558075999999999905e-01
6.332155000000000000e+06 1.623300000000000021e-01
6.965370000000000000e+06 1.658679999999999877e-01
7.661907000000000000e+06 1.720114000000000087e-01
8.428098000000000000e+06 1.791853999999999947e-01
9.270907000000000000e+06 1.835237999999999869e-01
1.019799800000000000e+07 1.879837999999999787e-01
1.121779800000000000e+07 1.938667999999999780e-01
1.233957800000000000e+07 1.989641999999999800e-01
1.357353500000000000e+07 2.043905999999999779e-01
1.493088900000000000e+07 2.107057999999999987e-01
1.642397800000000000e+07 2.169124000000000052e-01
1.806637500000000000e+07 2.269912000000000041e-01
1.987301300000000000e+07 2.346248000000000222e-01
2.186031400000000000e+07 2.424371999999999916e-01
2.404634500000000000e+07 2.501021999999999967e-01
2.645098000000000000e+07 2.623395999999999506e-01
2.909607800000000000e+07 2.699965999999999755e-01
3.200568500000000000e+07 2.813377999999999712e-01
3.520625400000000000e+07 2.861029999999999962e-01
3.872687900000000000e+07 2.911523999999999779e-01
4.259956700000000000e+07 3.020162000000000124e-01
4.685952400000000000e+07 3.142197999999999936e-01
5.154547600000000000e+07 3.163989999999999858e-01
5.670002400000000000e+07 3.208001999999999798e-01
6.237002600000000000e+07 3.320594000000000046e-01
6.860702900000000000e+07 3.415453999999999990e-01
7.546773100000000000e+07 3.472961999999999994e-01
8.301450500000000000e+07 3.559142000000000694e-01
9.131595500000000000e+07 3.665385999999999922e-01
1.004475500000000000e+08 3.744304000000000521e-01
1.104923050000000000e+08 3.811193999999999416e-01
1.215415360000000000e+08 3.987112000000000434e-01
1.336956890000000000e+08 4.037338000000000315e-01
1.470652580000000000e+08 4.217584000000000333e-01
1.617717840000000000e+08 4.215898000000000145e-01
1.779489620000000000e+08 4.336732000000000364e-01
1.957438590000000000e+08 4.419359999999999955e-01
2.153182440000000000e+08 4.495250000000000634e-01
2.368500690000000000e+08 4.531390000000000140e-01
2.605350760000000000e+08 4.805652000000000257e-01
2.865885830000000000e+08 4.762290000000000134e-01
3.152474410000000000e+08 4.837094000000000671e-01
3.467721860000000000e+08 4.899828000000000516e-01
3.814494040000000000e+08 4.928000000000000158e-01
4.195943440000000000e+08 5.009044000000001384e-01
4.615537790000000000e+08 5.239568000000000003e-01
5.077091570000000000e+08 5.303333999999999548e-01
5.584800720000000000e+08 5.340382000000000184e-01
6.143280790000000000e+08 5.439092000000000926e-01
6.757608870000000000e+08 5.582376000000000005e-01
7.433369760000000000e+08 5.711858000000000768e-01
8.176706740000000000e+08 5.671294000000000057e-01
8.994377410000000000e+08 5.800460000000000615e-01
9.893815150000000000e+08 5.974380000000000246e-01
