1.000000000000000000e+02 1.805888888888888995e-03
1.110000000000000000e+02 1.682555555555555627e-03
1.220000000000000000e+02 1.510555555555555566e-03
1.340000000000000000e+02 1.348444444444444430e-03
1.470000000000000000e+02 1.206555555555555550e-03
1.620000000000000000e+02 1.083666666666666589e-03
1.780000000000000000e+02 9.337777777777777309e-04
1.950000000000000000e+02 7.262222222222222863e-04
2.150000000000000000e+02 4.185555555555555318e-04
2.360000000000000000e+02 3.348888888888889095e-04
2.600000000000000000e+02 2.777777777777777233e-04
2.860000000000000000e+02 2.359999999999999902e-04
3.140000000000000000e+02 2.384444444444444458e-04
3.460000000000000000e+02 2.495555555555555439e-04
3.800000000000000000e+02 2.828888888888888924e-04
4.180000000000000000e+02 2.984444444444444406e-04
4.600000000000000000e+02 3.469999999999999235e-04
5.060000000000000000e+02 4.283333333333333545e-04
5.560000000000000000e+02 4.594444444444443967e-04
6.120000000000000000e+02 4.841111111111111027e-04
6.730000000000000000e+02 5.607777777777776633e-04
7.410000000000000000e+02 7.252222222222221536e-04
8.150000000000000000e+02 7.945555555555555097e-04
8.960000000000000000e+02 8.972222222222223228e-04
9.850000000000000000e+02 9.554444444444443098e-04
1.084000000000000000e+03 1.280555555555555397e-03
1.192000000000000000e+03 1.427444444444444507e-03
1.311000000000000000e+03 1.637666666666666611e-03
1.443000000000000000e+03 1.809555555555554919e-03
1.587000000000000000e+03 2.021444444444444634e-03
1.745000000000000000e+03 2.224666666666666893e-03
1.920000000000000000e+03 2.655111111111111127e-03
2.112000000000000000e+03 2.980111111111111329e-03
2.323000000000000000e+03 3.427222222222222562e-03
2.555000000000000000e+03 3.827666666666666717e-03
2.811000000000000000e+03 4.249888888888889854e-03
3.092000000000000000e+03 4.961666666666666309e-03
3.401000000000000000e+03 5.524111111111110715e-03
3.741000000000000000e+03 6.015888888888889195e-03
4.115000000000000000e+03 6.703666666666666801e-03
4.526000000000000000e+03 7.900777777777777400e-03
4.979000000000000000e+03 8.998777777777779152e-03
5.477000000000000000e+03 9.871888888888890115e-03
6.025000000000000000e+03 1.052999999999999770e-02
6.627000000000000000e+03 1.157833333333333457e-02
7.290000000000000000e+03 1.211155555555555423e-02
8.018000000000000000e+03 1.365711111111111119e-02
8.820000000000000000e+03 1.412577777777777703e-02
9.702000000000000000e+03 1.599455555555555353e-02
1.067200000000000000e+04 1.755222222222222253e-02
1.174000000000000000e+04 1.966555555555555418e-02
1.291300000000000000e+04 2.182222222222222202e-02
1.420500000000000000e+04 2.426311111111111030e-02
1.562500000000000000e+04 2.682533333333333644e-02
1.718800000000000000e+04 2.951855555555555483e-02
1.890600000000000000e+04 3.224933333333333124e-02
2.079700000000000000e+04 3.436166666666665842e-02
2.287700000000000000e+04 3.745166666666666089e-02
2.516400000000000000e+04 4.237577777777778304e-02
2.768100000000000000e+04 4.598433333333333539e-02
3.044900000000000000e+04 4.955466666666666353e-02
3.349300000000000000e+04 5.279522222222222255e-02
3.684300000000000000e+04 5.660988888888889708e-02
4.052700000000000000e+04 6.189544444444444043e-02
4.458000000000000000e+04 6.755466666666667952e-02
4.903800000000000000e+04 7.308388888888889268e-02
5.394100000000000000e+04 7.707966666666667133e-02
5.933500000000000000e+04 8.174177777777777432e-02
6.526900000000000000e+04 8.552744444444444760e-02
7.179600000000000000e+04 8.969311111111109847e-02
7.897500000000000000e+04 9.324322222222219958e-02
8.687300000000000000e+04 9.975577777777776267e-02
9.556000000000000000e+04 1.028057777777777737e-01
1.051160000000000000e+05 1.086154444444444311e-01
1.156270000000000000e+05 1.133527777777777606e-01
1.271900000000000000e+05 1.179174444444444636e-01
1.399090000000000000e+05 1.254572222222222200e-01
1.539000000000000000e+05 1.297453333333333514e-01
1.692900000000000000e+05 1.338932222222222190e-01
1.862190000000000000e+05 1.364317777777777629e-01
2.048410000000000000e+05 1.414895555555555351e-01
2.253250000000000000e+05 1.487806666666666722e-01
2.478570000000000000e+05 1.532110000000000138e-01
2.726430000000000000e+05 1.582745555555555295e-01
2.999070000000000000e+05 1.601853333333333462e-01
3.298970000000000000e+05 1.653879999999999795e-01
3.628870000000000000e+05 1.691311111111110932e-01
3.991760000000000000e+05 1.764358888888888921e-01
4.390930000000000000e+05 1.800130000000000063e-01
4.830030000000000000e+05 1.848675555555555627e-01
5.313030000000000000e+05 1.901588888888888773e-01
5.844330000000000000e+05 1.973702222222222524e-01
6.428760000000000000e+05 2.045115555555555575e-01
7.071640000000000000e+05 2.136081111111111097e-01
7.778800000000000000e+05 2.182561111111110952e-01
8.556680000000000000e+05 2.231323333333333492e-01
9.412350000000000000e+05 2.295696666666666441e-01
1.035358000000000000e+06 2.352258888888889010e-01
1.138894000000000000e+06 2.393669999999999964e-01
1.252783000000000000e+06 2.451764444444444468e-01
1.378062000000000000e+06 2.468921111111111177e-01
1.515868000000000000e+06 2.595525555555555641e-01
1.667455000000000000e+06 2.657390000000000030e-01
1.834200000000000000e+06 2.801452222222222677e-01
2.017620000000000000e+06 2.873784444444444919e-01
2.219382000000000000e+06 3.026191111111111165e-01
2.441320000000000000e+06 3.098801111111110229e-01
2.685452000000000000e+06 3.292093333333333538e-01
2.953997000000000000e+06 3.383915555555555010e-01
3.249397000000000000e+06 3.479710000000000303e-01
3.574336000000000000e+06 3.577135555555556179e-01
3.931770000000000000e+06 3.654254444444444139e-01
4.324947000000000000e+06 3.770291111111111482e-01
4.757442000000000000e+06 3.856246666666666711e-01
5.233186000000000000e+06 3.928806666666667669e-01
5.756504000000000000e+06 4.059552222222222451e-01
6.332155000000000000e+06 4.172814444444444826e-01
6.965370000000000000e+06 4.221690000000000165e-01
7.661907000000000000e+06 4.355283333333333506e-01
8.428098000000000000e+06 4.423624444444444470e-01
9.270907000000000000e+06 4.422316666666666896e-01
1.019799800000000000e+07 4.396432222222221853e-01
1.121779800000000000e+07 4.401907777777778197e-01
1.233957800000000000e+07 4.408947777777777466e-01
1.357353500000000000e+07 4.544400000000000661e-01
1.493088900000000000e+07 4.629768888888888823e-01
1.642397800000000000e+07 4.710268888888888839e-01
1.806637500000000000e+07 4.811908888888888902e-01
1.987301300000000000e+07 4.802955555555555311e-01
2.186031400000000000e+07 4.783923333333332528e-01
2.404634500000000000e+07 4.786791111111111663e-01
2.645098000000000000e+07 4.858774444444444729e-01
2.909607800000000000e+07 4.734053333333332891e-01
3.200568500000000000e+07 4.783457777777778142e-01
3.520625400000000000e+07 4.808388888888889268e-01
3.872687900000000000e+07 4.794525555555556595e-01
4.259956700000000000e+07 4.899972222222222507e-01
4.685952400000000000e+07 4.932212222222223108e-01
5.154547600000000000e+07 4.864443333333334230e-01
5.670002400000000000e+07 4.939343333333333086e-01
6.237002600000000000e+07 5.033710000000000129e-01
6.860702900000000000e+07 4.998011111111111404e-01
7.546773100000000000e+07 5.105443333333332667e-01
8.301450500000000000e+07 5.045238888888889939e-01
9.131595500000000000e+07 4.998252222222221430e-01
1.004475500000000000e+08 5.185203333333333608e-01
1.104923050000000000e+08 5.289231111111111217e-01
1.215415360000000000e+08 5.213177777777778799e-01
1.336956890000000000e+08 5.225622222222221502e-01
1.470652580000000000e+08 5.240778888888888432e-01
1.617717840000000000e+08 5.230672222222222389e-01
1.779489620000000000e+08 5.271817777777777492e-01
1.957438590000000000e+08 5.239982222222222541e-01
2.153182440000000000e+08 5.238151111111111202e-01
2.368500690000000000e+08 5.279706666666666992e-01
2.605350760000000000e+08 5.205722222222222140e-01
2.865885830000000000e+08 5.241207777777777688e-01
3.152474410000000000e+08 5.249739999999999407e-01
3.467721860000000000e+08 5.231490000000000862e-01
3.814494040000000000e+08 5.204228888888888793e-01
4.195943440000000000e+08 5.264955555555554945e-01
4.615537790000000000e+08 5.254968888888887912e-01
5.077091570000000000e+08 5.266530000000000378e-01
5.584800720000000000e+08 5.316588888888889031e-01
6.143280790000000000e+08 5.216654444444444039e-01
6.757608870000000000e+08 5.314455555555555044e-01
7.433369760000000000e+08 5.390614444444443709e-01
8.176706740000000000e+08 5.369335555555555528e-01
8.994377410000000000e+08 5.333240000000000203e-01
9.893815150000000000e+08 5.313781111111111066e-01
