0.000000000000000000e+00 9.754812098180788661e-05
0.000000000000000000e+00 1.099905089549767917e-04
0.000000000000000000e+00 8.690294514535063094e-05
0.000000000000000000e+00 1.546343904554935231e-04
0.000000000000000000e+00 2.305903590726070154e-04
0.000000000000000000e+00 2.517269950440543906e-04
0.000000000000000000e+00 2.802548392037828174e-04
0.000000000000000000e+00 2.656475305161518823e-04
0.000000000000000000e+00 2.731484475933291210e-04
0.000000000000000000e+00 3.425402734378853544e-04
0.000000000000000000e+00 7.415778265241944551e-04
0.000000000000000000e+00 nan
0.000000000000000000e+00 nan
0.000000000000000000e+00 nan
0.000000000000000000e+00 nan
0.000000000000000000e+00 nan
0.000000000000000000e+00 nan
0.000000000000000000e+00 nan
0.000000000000000000e+00 nan
0.000000000000000000e+00 nan
0.000000000000000000e+00 2.259274561817647443e-03
0.000000000000000000e+00 1.244115868543135481e-03
0.000000000000000000e+00 2.003795634625580874e-03
0.000000000000000000e+00 1.731483589508912846e-03
0.000000000000000000e+00 1.713680540136750842e-03
0.000000000000000000e+00 2.008379730888680981e-03
0.000000000000000000e+00 2.882318075345436520e-03
0.000000000000000000e+00 9.569975642903248746e-04
0.000000000000000000e+00 1.318811716025589543e-03
0.000000000000000000e+00 6.874623125597284371e-04
0.000000000000000000e+00 1.957038353439280963e-04
0.000000000000000000e+00 4.775067617443628913e-04
0.000000000000000000e+00 5.161180114254320869e-04
0.000000000000000000e+00 3.847498044977614167e-04
0.000000000000000000e+00 2.985719324897055400e-04
0.000000000000000000e+00 3.044670838197267100e-04
0.000000000000000000e+00 3.074198068878036621e-04
0.000000000000000000e+00 2.183728680038619181e-04
0.000000000000000000e+00 2.157708235075563659e-04
0.000000000000000000e+00 1.816074565577621887e-04
0.000000000000000000e+00 2.501223877521308882e-04
0.000000000000000000e+00 1.371959887158755598e-04
0.000000000000000000e+00 1.518418803011310065e-04
0.000000000000000000e+00 1.452797576184129951e-04
0.000000000000000000e+00 1.157566076074130810e-04
0.000000000000000000e+00 1.041604501171752682e-04
0.000000000000000000e+00 1.139039217666883787e-04
0.000000000000000000e+00 6.173306166562520219e-05
0.000000000000000000e+00 6.305584348848855384e-05
0.000000000000000000e+00 6.243528320696666142e-05
0.000000000000000000e+00 4.563081416163471848e-05
0.000000000000000000e+00 4.737916040728679980e-05
0.000000000000000000e+00 3.360917178040904633e-05
0.000000000000000000e+00 2.696496789117268107e-05
0.000000000000000000e+00 2.515361410883817125e-05
0.000000000000000000e+00 2.858785347715542380e-05
0.000000000000000000e+00 1.676164264069821206e-05
0.000000000000000000e+00 1.770517946835009732e-05
0.000000000000000000e+00 1.230780888048215588e-05
0.000000000000000000e+00 8.040816289066450857e-06
0.000000000000000000e+00 4.974508900777074875e-06
0.000000000000000000e+00 4.410179939003704822e-06
0.000000000000000000e+00 2.829225306858309976e-06
0.000000000000000000e+00 2.504914009810615863e-06
0.000000000000000000e+00 6.121416017922948840e-07
0.000000000000000000e+00 1.255785503968316567e-06
0.000000000000000000e+00 4.699823458510008865e-07
0.000000000000000000e+00 7.743075227395157869e-07
0.000000000000000000e+00 5.964298350358304844e-07
0.000000000000000000e+00 5.569611262759456928e-07
0.000000000000000000e+00 3.731224434895662663e-07
0.000000000000000000e+00 4.723620765745108325e-07
0.000000000000000000e+00 3.760630449983191971e-07
0.000000000000000000e+00 2.676775545569453319e-07
0.000000000000000000e+00 4.258974076359419997e-07
0.000000000000000000e+00 3.346999892784687113e-07
0.000000000000000000e+00 4.846900614335583047e-07
0.000000000000000000e+00 3.027062308399162010e-07
0.000000000000000000e+00 2.550591168941093229e-07
0.000000000000000000e+00 5.167772613303559417e-07
0.000000000000000000e+00 3.587822690103143327e-07
0.000000000000000000e+00 2.363538659243908914e-07
0.000000000000000000e+00 4.321382116901052964e-07
0.000000000000000000e+00 4.419559974775166829e-07
0.000000000000000000e+00 2.292588109299432857e-07
0.000000000000000000e+00 4.012346341008865756e-07
0.000000000000000000e+00 2.464702841631515495e-07
0.000000000000000000e+00 3.268650696623312931e-07
0.000000000000000000e+00 2.193561265167709128e-07
0.000000000000000000e+00 3.021211332184084400e-07
0.000000000000000000e+00 2.761976798609850055e-07
0.000000000000000000e+00 3.178166835987364168e-07
0.000000000000000000e+00 3.430381335035609121e-07
0.000000000000000000e+00 2.220959188933276117e-07
0.000000000000000000e+00 1.614701741121178058e-07
0.000000000000000000e+00 2.502930903343711650e-07
0.000000000000000000e+00 3.158648035535733830e-07
0.000000000000000000e+00 3.249810884621519940e-07
0.000000000000000000e+00 3.377423419811725529e-07
0.000000000000000000e+00 3.785469779197881052e-07
0.000000000000000000e+00 2.657930406720338916e-07
0.000000000000000000e+00 2.550708867643985353e-07
0.000000000000000000e+00 4.011565311519510829e-07
0.000000000000000000e+00 2.896933390004749581e-07
0.000000000000000000e+00 5.024730299624014303e-07
0.000000000000000000e+00 1.762466674920504252e-07
0.000000000000000000e+00 3.039249372024018048e-07
0.000000000000000000e+00 4.059028982822704266e-07
0.000000000000000000e+00 2.961891969832231421e-07
0.000000000000000000e+00 3.097161467388024578e-07
0.000000000000000000e+00 2.016548431824837998e-07
0.000000000000000000e+00 4.073256515627972066e-07
0.000000000000000000e+00 2.853704864670451624e-07
0.000000000000000000e+00 3.622910969107902841e-07
0.000000000000000000e+00 3.408038878384005162e-07
0.000000000000000000e+00 3.404138799705349612e-07
0.000000000000000000e+00 3.652760086875162323e-07
0.000000000000000000e+00 3.094660145781005930e-07
0.000000000000000000e+00 3.251339021609548617e-07
0.000000000000000000e+00 2.843121101740134565e-07
0.000000000000000000e+00 3.461396621006452946e-07
0.000000000000000000e+00 3.623715201837621996e-07
0.000000000000000000e+00 2.331669924139446408e-07
0.000000000000000000e+00 2.470861704345260501e-07
0.000000000000000000e+00 1.598376382823162554e-07
0.000000000000000000e+00 2.698639611807208630e-07
0.000000000000000000e+00 2.111127111157239207e-07
0.000000000000000000e+00 3.073892532235292337e-07
0.000000000000000000e+00 2.607435667164408049e-07
0.000000000000000000e+00 3.259967918783710887e-07
0.000000000000000000e+00 2.197108032009518182e-07
0.000000000000000000e+00 2.665279857611586175e-07
0.000000000000000000e+00 3.285154516800105922e-07
0.000000000000000000e+00 2.784858809865449228e-07
0.000000000000000000e+00 2.237845828610365534e-07
0.000000000000000000e+00 3.516380670356079615e-07
0.000000000000000000e+00 3.762471645235954083e-07
0.000000000000000000e+00 3.036708412872148423e-07
0.000000000000000000e+00 3.868503723723038815e-07
0.000000000000000000e+00 2.047438875711062842e-07
0.000000000000000000e+00 4.126310376238545484e-07
0.000000000000000000e+00 4.343808051069227270e-07
0.000000000000000000e+00 3.287980827542400215e-07
0.000000000000000000e+00 4.825850921148910917e-07
0.000000000000000000e+00 2.021372438453784670e-07
0.000000000000000000e+00 2.952265826273294021e-07
0.000000000000000000e+00 3.527901132614288419e-07
0.000000000000000000e+00 2.651822259561114356e-07
0.000000000000000000e+00 4.150661459287266436e-07
0.000000000000000000e+00 2.224952052459481500e-07
0.000000000000000000e+00 4.031316990662047367e-07
0.000000000000000000e+00 3.227344292755865677e-07
0.000000000000000000e+00 3.864126606020232589e-07
0.000000000000000000e+00 3.138911934662496035e-07
0.000000000000000000e+00 3.343819603127804384e-07
0.000000000000000000e+00 1.972663870697546607e-07
0.000000000000000000e+00 3.151608061366037926e-07
0.000000000000000000e+00 3.158340130327663994e-07
0.000000000000000000e+00 3.745715209577684296e-07
0.000000000000000000e+00 3.478835415231957305e-07
0.000000000000000000e+00 2.243678409272566451e-07
0.000000000000000000e+00 3.288762933041678013e-07
0.000000000000000000e+00 2.181692049258550260e-07
0.000000000000000000e+00 4.187392360477380200e-07
0.000000000000000000e+00 2.545363329794856435e-07
0.000000000000000000e+00 3.314961782324865919e-07
0.000000000000000000e+00 4.535918096862440427e-07
0.000000000000000000e+00 1.775598303783134770e-07
0.000000000000000000e+00 3.433973370570524792e-07
0.000000000000000000e+00 4.254005565765385237e-07
0.000000000000000000e+00 0.000000000000000000e+00
0.000000000000000000e+00 0.000000000000000000e+00
0.000000000000000000e+00 0.000000000000000000e+00
0.000000000000000000e+00 0.000000000000000000e+00
0.000000000000000000e+00 0.000000000000000000e+00
0.000000000000000000e+00 0.000000000000000000e+00
0.000000000000000000e+00 0.000000000000000000e+00
0.000000000000000000e+00 0.000000000000000000e+00
0.000000000000000000e+00 0.000000000000000000e+00
0.000000000000000000e+00 0.000000000000000000e+00
0.000000000000000000e+00 0.000000000000000000e+00
0.000000000000000000e+00 0.000000000000000000e+00
0.000000000000000000e+00 0.000000000000000000e+00
0.000000000000000000e+00 0.000000000000000000e+00
0.000000000000000000e+00 0.000000000000000000e+00
0.000000000000000000e+00 0.000000000000000000e+00
0.000000000000000000e+00 0.000000000000000000e+00
0.000000000000000000e+00 0.000000000000000000e+00
0.000000000000000000e+00 0.000000000000000000e+00
0.000000000000000000e+00 0.000000000000000000e+00
0.000000000000000000e+00 0.000000000000000000e+00
0.000000000000000000e+00 0.000000000000000000e+00
0.000000000000000000e+00 0.000000000000000000e+00
0.000000000000000000e+00 0.000000000000000000e+00
0.000000000000000000e+00 0.000000000000000000e+00
0.000000000000000000e+00 0.000000000000000000e+00
0.000000000000000000e+00 0.000000000000000000e+00
0.000000000000000000e+00 0.000000000000000000e+00
0.000000000000000000e+00 0.000000000000000000e+00
0.000000000000000000e+00 0.000000000000000000e+00
0.000000000000000000e+00 0.000000000000000000e+00
0.000000000000000000e+00 0.000000000000000000e+00
0.000000000000000000e+00 0.000000000000000000e+00
0.000000000000000000e+00 0.000000000000000000e+00
0.000000000000000000e+00 0.000000000000000000e+00
0.000000000000000000e+00 0.000000000000000000e+00
0.000000000000000000e+00 0.000000000000000000e+00
0.000000000000000000e+00 0.000000000000000000e+00
0.000000000000000000e+00 0.000000000000000000e+00
0.000000000000000000e+00 0.000000000000000000e+00
0.000000000000000000e+00 0.000000000000000000e+00
0.000000000000000000e+00 0.000000000000000000e+00
0.000000000000000000e+00 0.000000000000000000e+00
0.000000000000000000e+00 0.000000000000000000e+00
0.000000000000000000e+00 0.000000000000000000e+00
0.000000000000000000e+00 0.000000000000000000e+00
0.000000000000000000e+00 0.000000000000000000e+00
0.000000000000000000e+00 0.000000000000000000e+00
0.000000000000000000e+00 0.000000000000000000e+00
0.000000000000000000e+00 0.000000000000000000e+00
0.000000000000000000e+00 0.000000000000000000e+00
0.000000000000000000e+00 0.000000000000000000e+00
0.000000000000000000e+00 0.000000000000000000e+00
0.000000000000000000e+00 0.000000000000000000e+00
0.000000000000000000e+00 0.000000000000000000e+00
0.000000000000000000e+00 0.000000000000000000e+00
0.000000000000000000e+00 0.000000000000000000e+00
0.000000000000000000e+00 0.000000000000000000e+00
0.000000000000000000e+00 0.000000000000000000e+00
0.000000000000000000e+00 0.000000000000000000e+00
0.000000000000000000e+00 0.000000000000000000e+00
0.000000000000000000e+00 0.000000000000000000e+00
0.000000000000000000e+00 0.000000000000000000e+00
0.000000000000000000e+00 0.000000000000000000e+00
0.000000000000000000e+00 0.000000000000000000e+00
0.000000000000000000e+00 0.000000000000000000e+00
0.000000000000000000e+00 0.000000000000000000e+00
0.000000000000000000e+00 0.000000000000000000e+00
0.000000000000000000e+00 0.000000000000000000e+00
0.000000000000000000e+00 0.000000000000000000e+00
0.000000000000000000e+00 0.000000000000000000e+00
0.000000000000000000e+00 0.000000000000000000e+00
0.000000000000000000e+00 0.000000000000000000e+00
0.000000000000000000e+00 0.000000000000000000e+00
0.000000000000000000e+00 0.000000000000000000e+00
0.000000000000000000e+00 0.000000000000000000e+00
0.000000000000000000e+00 0.000000000000000000e+00
0.000000000000000000e+00 0.000000000000000000e+00
0.000000000000000000e+00 0.000000000000000000e+00
0.000000000000000000e+00 0.000000000000000000e+00
0.000000000000000000e+00 0.000000000000000000e+00
0.000000000000000000e+00 0.000000000000000000e+00
0.000000000000000000e+00 0.000000000000000000e+00
0.000000000000000000e+00 0.000000000000000000e+00
0.000000000000000000e+00 0.000000000000000000e+00
0.000000000000000000e+00 0.000000000000000000e+00
0.000000000000000000e+00 0.000000000000000000e+00
0.000000000000000000e+00 0.000000000000000000e+00
0.000000000000000000e+00 0.000000000000000000e+00
0.000000000000000000e+00 0.000000000000000000e+00
0.000000000000000000e+00 0.000000000000000000e+00
0.000000000000000000e+00 0.000000000000000000e+00
0.000000000000000000e+00 0.000000000000000000e+00
0.000000000000000000e+00 0.000000000000000000e+00
0.000000000000000000e+00 0.000000000000000000e+00
0.000000000000000000e+00 0.000000000000000000e+00
0.000000000000000000e+00 0.000000000000000000e+00
0.000000000000000000e+00 0.000000000000000000e+00
0.000000000000000000e+00 0.000000000000000000e+00
0.000000000000000000e+00 0.000000000000000000e+00
0.000000000000000000e+00 0.000000000000000000e+00
0.000000000000000000e+00 0.000000000000000000e+00
0.000000000000000000e+00 0.000000000000000000e+00
0.000000000000000000e+00 0.000000000000000000e+00
0.000000000000000000e+00 0.000000000000000000e+00
0.000000000000000000e+00 0.000000000000000000e+00
0.000000000000000000e+00 0.000000000000000000e+00
0.000000000000000000e+00 0.000000000000000000e+00
0.000000000000000000e+00 0.000000000000000000e+00
0.000000000000000000e+00 0.000000000000000000e+00
0.000000000000000000e+00 0.000000000000000000e+00
0.000000000000000000e+00 0.000000000000000000e+00
0.000000000000000000e+00 0.000000000000000000e+00
0.000000000000000000e+00 0.000000000000000000e+00
0.000000000000000000e+00 0.000000000000000000e+00
0.000000000000000000e+00 0.000000000000000000e+00
0.000000000000000000e+00 0.000000000000000000e+00
0.000000000000000000e+00 0.000000000000000000e+00
0.000000000000000000e+00 0.000000000000000000e+00
0.000000000000000000e+00 0.000000000000000000e+00
0.000000000000000000e+00 0.000000000000000000e+00
0.000000000000000000e+00 0.000000000000000000e+00
0.000000000000000000e+00 0.000000000000000000e+00
0.000000000000000000e+00 0.000000000000000000e+00
0.000000000000000000e+00 0.000000000000000000e+00
0.000000000000000000e+00 0.000000000000000000e+00
0.000000000000000000e+00 0.000000000000000000e+00
0.000000000000000000e+00 0.000000000000000000e+00
0.000000000000000000e+00 0.000000000000000000e+00
0.000000000000000000e+00 0.000000000000000000e+00
0.000000000000000000e+00 0.000000000000000000e+00
0.000000000000000000e+00 0.000000000000000000e+00
0.000000000000000000e+00 0.000000000000000000e+00
0.000000000000000000e+00 0.000000000000000000e+00
0.000000000000000000e+00 0.000000000000000000e+00
0.000000000000000000e+00 0.000000000000000000e+00
0.000000000000000000e+00 0.000000000000000000e+00
0.000000000000000000e+00 0.000000000000000000e+00
0.000000000000000000e+00 0.000000000000000000e+00
0.000000000000000000e+00 0.000000000000000000e+00
0.000000000000000000e+00 0.000000000000000000e+00
0.000000000000000000e+00 0.000000000000000000e+00
0.000000000000000000e+00 0.000000000000000000e+00
0.000000000000000000e+00 0.000000000000000000e+00
0.000000000000000000e+00 0.000000000000000000e+00
0.000000000000000000e+00 0.000000000000000000e+00
0.000000000000000000e+00 0.000000000000000000e+00
0.000000000000000000e+00 0.000000000000000000e+00
0.000000000000000000e+00 0.000000000000000000e+00
0.000000000000000000e+00 0.000000000000000000e+00
0.000000000000000000e+00 0.000000000000000000e+00
0.000000000000000000e+00 0.000000000000000000e+00
0.000000000000000000e+00 0.000000000000000000e+00
0.000000000000000000e+00 0.000000000000000000e+00
0.000000000000000000e+00 0.000000000000000000e+00
0.000000000000000000e+00 0.000000000000000000e+00
0.000000000000000000e+00 0.000000000000000000e+00
0.000000000000000000e+00 0.000000000000000000e+00
0.000000000000000000e+00 0.000000000000000000e+00
0.000000000000000000e+00 0.000000000000000000e+00
0.000000000000000000e+00 0.000000000000000000e+00
0.000000000000000000e+00 0.000000000000000000e+00
0.000000000000000000e+00 0.000000000000000000e+00
0.000000000000000000e+00 0.000000000000000000e+00
0.000000000000000000e+00 0.000000000000000000e+00
0.000000000000000000e+00 0.000000000000000000e+00
0.000000000000000000e+00 0.000000000000000000e+00
0.000000000000000000e+00 0.000000000000000000e+00
0.000000000000000000e+00 0.000000000000000000e+00
0.000000000000000000e+00 0.000000000000000000e+00
