1.000000000000000000e+02 2.082298666416827065e-02
1.110000000000000000e+02 2.086443622872659678e-02
1.220000000000000000e+02 2.050499288626047092e-02
1.340000000000000000e+02 2.049487949118653299e-02
1.470000000000000000e+02 2.000259420017229742e-02
1.620000000000000000e+02 2.000333858676697427e-02
1.780000000000000000e+02 2.000274804060022879e-02
1.950000000000000000e+02 2.000287861690421345e-02
2.150000000000000000e+02 2.139432343747872667e-02
2.360000000000000000e+02 2.000593735212437968e-02
2.600000000000000000e+02 2.000000830946228186e-02
2.860000000000000000e+02 1.999520231718288077e-02
3.140000000000000000e+02 2.044608944124874303e-02
3.460000000000000000e+02 2.031944481791291696e-02
3.800000000000000000e+02 2.086897018193511338e-02
4.180000000000000000e+02 2.068669350200164070e-02
4.600000000000000000e+02 2.062679521718835743e-02
5.060000000000000000e+02 2.069790643277171979e-02
5.560000000000000000e+02 2.076940530356351580e-02
6.120000000000000000e+02 2.080807169040471000e-02
6.730000000000000000e+02 2.111768491408819171e-02
7.410000000000000000e+02 2.119270773330881458e-02
8.150000000000000000e+02 2.099197095988527759e-02
8.960000000000000000e+02 2.090735217860635944e-02
9.850000000000000000e+02 2.096505990425275717e-02
1.084000000000000000e+03 2.105201950730745813e-02
1.192000000000000000e+03 2.146338179779788691e-02
1.311000000000000000e+03 2.173102074447887458e-02
1.443000000000000000e+03 2.191084666150268714e-02
1.587000000000000000e+03 2.227604556977614420e-02
1.745000000000000000e+03 2.249856923387621999e-02
1.920000000000000000e+03 2.282338897908368219e-02
2.112000000000000000e+03 2.315867429865671803e-02
2.323000000000000000e+03 2.314367245145113744e-02
2.555000000000000000e+03 2.371952226294913105e-02
2.811000000000000000e+03 2.380497071990003016e-02
3.092000000000000000e+03 2.389095539355051007e-02
3.401000000000000000e+03 2.402942545372561273e-02
3.741000000000000000e+03 2.449436568835056810e-02
4.115000000000000000e+03 2.467639919367711765e-02
4.526000000000000000e+03 2.493628334683429398e-02
4.979000000000000000e+03 2.507760983259407772e-02
5.477000000000000000e+03 2.558115363044310281e-02
6.025000000000000000e+03 2.567237352216907714e-02
6.627000000000000000e+03 2.597903497732422656e-02
7.290000000000000000e+03 2.653626350838780151e-02
8.018000000000000000e+03 2.672282380982097388e-02
8.820000000000000000e+03 2.756318242380148553e-02
9.702000000000000000e+03 2.790955910979600607e-02
1.067200000000000000e+04 2.841528987110194041e-02
1.174000000000000000e+04 2.894176507277758034e-02
1.291300000000000000e+04 2.950273076747905038e-02
1.420500000000000000e+04 2.968457813365808426e-02
1.562500000000000000e+04 3.026506422157704268e-02
1.718800000000000000e+04 3.067878981372453712e-02
1.890600000000000000e+04 3.203263532469208252e-02
2.079700000000000000e+04 3.262515812509571289e-02
2.287700000000000000e+04 3.311497646629972536e-02
2.516400000000000000e+04 3.408012881899531027e-02
2.768100000000000000e+04 3.497695514837030617e-02
3.044900000000000000e+04 3.544332300690865301e-02
3.349300000000000000e+04 3.651927266408028921e-02
3.684300000000000000e+04 3.703244467494665182e-02
4.052700000000000000e+04 3.811904540389404739e-02
4.458000000000000000e+04 3.884869231796357625e-02
4.903800000000000000e+04 3.970695229765365541e-02
5.394100000000000000e+04 4.064626574226266886e-02
5.933500000000000000e+04 4.163536640029238955e-02
6.526900000000000000e+04 4.243629030925272910e-02
7.179600000000000000e+04 4.340451708510174866e-02
7.897500000000000000e+04 4.391046189091481894e-02
8.687300000000000000e+04 4.486959133936020694e-02
9.556000000000000000e+04 4.613579547201236003e-02
1.051160000000000000e+05 4.759114092286672454e-02
1.156270000000000000e+05 4.889741813820595168e-02
1.271900000000000000e+05 5.037058238402201960e-02
1.399090000000000000e+05 5.162633166665622081e-02
1.539000000000000000e+05 5.331039821101753867e-02
1.692900000000000000e+05 5.511836464410681258e-02
1.862190000000000000e+05 5.704692292612528748e-02
2.048410000000000000e+05 5.952249021684598296e-02
2.253250000000000000e+05 6.106790357608475606e-02
2.478570000000000000e+05 6.279487975978823022e-02
2.726430000000000000e+05 6.530420592654870293e-02
2.999070000000000000e+05 6.664444824940735090e-02
3.298970000000000000e+05 6.884405107706635663e-02
3.628870000000000000e+05 7.079874712952154148e-02
3.991760000000000000e+05 7.301625858460406016e-02
4.390930000000000000e+05 7.525544965944852560e-02
4.830030000000000000e+05 7.804682332061800565e-02
5.313030000000000000e+05 8.038797040000481009e-02
5.844330000000000000e+05 8.245722730897711572e-02
6.428760000000000000e+05 8.578619170457710275e-02
7.071640000000000000e+05 8.898115407875273331e-02
7.778800000000000000e+05 9.157811176135989550e-02
8.556680000000000000e+05 9.540585399827572477e-02
9.412350000000000000e+05 9.918186317164875976e-02
1.035358000000000000e+06 1.027547144435227572e-01
1.138894000000000000e+06 1.050976848982569656e-01
1.252783000000000000e+06 1.081494584255584257e-01
1.378062000000000000e+06 1.117125026040915320e-01
1.515868000000000000e+06 1.156773255335248329e-01
1.667455000000000000e+06 1.201275449628871755e-01
1.834200000000000000e+06 1.236149904672255023e-01
2.017620000000000000e+06 1.274098078248970256e-01
2.219382000000000000e+06 1.320708005221550851e-01
2.441320000000000000e+06 1.359995533622418706e-01
2.685452000000000000e+06 1.390517219268603277e-01
2.953997000000000000e+06 1.438784972715580479e-01
3.249397000000000000e+06 1.474738870540739932e-01
3.574336000000000000e+06 1.515943423533636369e-01
3.931770000000000000e+06 1.568641885231343291e-01
4.324947000000000000e+06 1.615709607331511088e-01
4.757442000000000000e+06 1.669310591139337441e-01
5.233186000000000000e+06 1.721030615860291990e-01
5.756504000000000000e+06 1.779115589064018121e-01
6.332155000000000000e+06 1.833583514990094476e-01
6.965370000000000000e+06 1.882217469111367725e-01
7.661907000000000000e+06 1.943759816573786547e-01
8.428098000000000000e+06 1.998238594276067759e-01
9.270907000000000000e+06 2.085734710263137948e-01
1.019799800000000000e+07 2.170192408869918432e-01
1.121779800000000000e+07 2.219965258082976511e-01
1.233957800000000000e+07 2.290520224916727798e-01
1.357353500000000000e+07 2.354811695569049568e-01
1.493088900000000000e+07 2.398851134990176992e-01
1.642397800000000000e+07 2.477692703267685981e-01
1.806637500000000000e+07 2.583017495528497909e-01
1.987301300000000000e+07 2.701294394797881804e-01
2.186031400000000000e+07 2.763020669389887884e-01
2.404634500000000000e+07 2.835749997978828096e-01
2.645098000000000000e+07 2.923876856744562769e-01
2.909607800000000000e+07 2.981982818405458091e-01
3.200568500000000000e+07 3.062558460809433059e-01
3.520625400000000000e+07 3.120749555180072354e-01
3.872687900000000000e+07 3.232588866724759313e-01
4.259956700000000000e+07 3.313307055609223117e-01
4.685952400000000000e+07 3.399061450768970927e-01
5.154547600000000000e+07 3.495802571048631235e-01
5.670002400000000000e+07 3.583432277657304654e-01
6.237002600000000000e+07 3.669998250050138244e-01
6.860702900000000000e+07 3.789465034922648301e-01
7.546773100000000000e+07 3.868982489338030351e-01
8.301450500000000000e+07 4.032422739128523892e-01
9.131595500000000000e+07 4.100818537968676791e-01
1.004475500000000000e+08 4.295284544295254747e-01
1.104923050000000000e+08 4.391948399100213396e-01
1.215415360000000000e+08 4.520504666541393379e-01
1.336956890000000000e+08 4.599484481431283522e-01
1.470652580000000000e+08 4.652983450072402105e-01
1.617717840000000000e+08 4.820740684966568490e-01
1.779489620000000000e+08 5.076279215039519732e-01
1.957438590000000000e+08 5.193952937244207257e-01
2.153182440000000000e+08 5.192062846670190135e-01
2.368500690000000000e+08 5.314044992396274036e-01
2.605350760000000000e+08 5.614019148734767928e-01
2.865885830000000000e+08 5.890252807203066876e-01
3.152474410000000000e+08 6.051727832144212504e-01
3.467721860000000000e+08 6.181728773620833728e-01
3.814494040000000000e+08 6.533018862005250948e-01
4.195943440000000000e+08 6.621083139007593044e-01
4.615537790000000000e+08 6.776920757204765167e-01
5.077091570000000000e+08 6.937917339030251762e-01
5.584800720000000000e+08 6.994588508077805855e-01
6.143280790000000000e+08 7.329589184104077226e-01
6.757608870000000000e+08 7.441713737671251661e-01
7.433369760000000000e+08 7.633809753100223583e-01
8.176706740000000000e+08 7.618470016028331404e-01
8.994377410000000000e+08 7.771548759062851808e-01
9.893815150000000000e+08 7.904367849684036385e-01
