1.000000000000000000e+02 2.010457241784278232e-02
1.110000000000000000e+02 2.012282127629342471e-02
1.220000000000000000e+02 2.012775089465480144e-02
1.340000000000000000e+02 2.014115391192880175e-02
1.470000000000000000e+02 2.014242095480753975e-02
1.620000000000000000e+02 2.017125912528208026e-02
1.780000000000000000e+02 2.022609099768536353e-02
1.950000000000000000e+02 2.027819117486582418e-02
2.150000000000000000e+02 2.042767442921750165e-02
2.360000000000000000e+02 2.049709625606089408e-02
2.600000000000000000e+02 2.066175634534997071e-02
2.860000000000000000e+02 2.060567697776347421e-02
3.140000000000000000e+02 1.999882003941464564e-02
3.460000000000000000e+02 2.000174938022555166e-02
3.800000000000000000e+02 1.999488300742376795e-02
4.180000000000000000e+02 2.000193469108278721e-02
4.600000000000000000e+02 1.999678633517334991e-02
5.060000000000000000e+02 2.000391764394499755e-02
5.560000000000000000e+02 1.999835145252617033e-02
6.120000000000000000e+02 2.024153813458207454e-02
6.730000000000000000e+02 2.029676910606747348e-02
7.410000000000000000e+02 2.058406592171883182e-02
8.150000000000000000e+02 2.109267502472473785e-02
8.960000000000000000e+02 2.092920925383637970e-02
9.850000000000000000e+02 2.096542552769032480e-02
1.084000000000000000e+03 2.086525489665310221e-02
1.192000000000000000e+03 2.109534563668641685e-02
1.311000000000000000e+03 2.129819927332387425e-02
1.443000000000000000e+03 2.186985045703838601e-02
1.587000000000000000e+03 2.186674684993977769e-02
1.745000000000000000e+03 2.226797242817310507e-02
1.920000000000000000e+03 2.256095482956982021e-02
2.112000000000000000e+03 2.282133992299326813e-02
2.323000000000000000e+03 2.281167293098388879e-02
2.555000000000000000e+03 2.307276490478752870e-02
2.811000000000000000e+03 2.322882183887167717e-02
3.092000000000000000e+03 2.376345023853709132e-02
3.401000000000000000e+03 2.397914494311642608e-02
3.741000000000000000e+03 2.417212767802938769e-02
4.115000000000000000e+03 2.491021789869730246e-02
4.526000000000000000e+03 2.515034530605579285e-02
4.979000000000000000e+03 2.545531402817515637e-02
5.477000000000000000e+03 2.578111537685904425e-02
6.025000000000000000e+03 2.573289386303997256e-02
6.627000000000000000e+03 2.592079815668326542e-02
7.290000000000000000e+03 2.627698056582823335e-02
8.018000000000000000e+03 2.687045070331222502e-02
8.820000000000000000e+03 2.750312729731619818e-02
9.702000000000000000e+03 2.806352430940992765e-02
1.067200000000000000e+04 2.841782436426549749e-02
1.174000000000000000e+04 2.913756416504087454e-02
1.291300000000000000e+04 2.975142311683372925e-02
1.420500000000000000e+04 2.992837736873445523e-02
1.562500000000000000e+04 3.077969029989290409e-02
1.718800000000000000e+04 3.162827887442789393e-02
1.890600000000000000e+04 3.247073882351193819e-02
2.079700000000000000e+04 3.240850465532799096e-02
2.287700000000000000e+04 3.275540120091469803e-02
2.516400000000000000e+04 3.349111101005583513e-02
2.768100000000000000e+04 3.419102122056093263e-02
3.044900000000000000e+04 3.544283855239575842e-02
3.349300000000000000e+04 3.663723682362152179e-02
3.684300000000000000e+04 3.737742467201470020e-02
4.052700000000000000e+04 3.804661225271325359e-02
4.458000000000000000e+04 3.866995389397725330e-02
4.903800000000000000e+04 3.928240194310621269e-02
5.394100000000000000e+04 4.100680319720877848e-02
5.933500000000000000e+04 4.201737399707448917e-02
6.526900000000000000e+04 4.261618563700148021e-02
7.179600000000000000e+04 4.304012647748987203e-02
7.897500000000000000e+04 4.435769178960390774e-02
8.687300000000000000e+04 4.511899256560635008e-02
9.556000000000000000e+04 4.664046052497401729e-02
1.051160000000000000e+05 4.779675659761474515e-02
1.156270000000000000e+05 4.942438836334896168e-02
1.271900000000000000e+05 5.118582407864952222e-02
1.399090000000000000e+05 5.244036776092834973e-02
1.539000000000000000e+05 5.402933867476071572e-02
1.692900000000000000e+05 5.530667584103698964e-02
1.862190000000000000e+05 5.615682143096121376e-02
2.048410000000000000e+05 5.808922624961475323e-02
2.253250000000000000e+05 5.970879397221785789e-02
2.478570000000000000e+05 6.183892712313469181e-02
2.726430000000000000e+05 6.392866637799546337e-02
2.999070000000000000e+05 6.640162551212087927e-02
3.298970000000000000e+05 6.871588822596057244e-02
3.628870000000000000e+05 7.067968489294143564e-02
3.991760000000000000e+05 7.259874969019357305e-02
4.390930000000000000e+05 7.549000411417647327e-02
4.830030000000000000e+05 7.787887914865891659e-02
5.313030000000000000e+05 8.026103631430858698e-02
5.844330000000000000e+05 8.310198683908351369e-02
6.428760000000000000e+05 8.582701659399019634e-02
7.071640000000000000e+05 8.841533761542622050e-02
7.778800000000000000e+05 9.246809143472947690e-02
8.556680000000000000e+05 9.666059121601762449e-02
9.412350000000000000e+05 9.981930731373622745e-02
1.035358000000000000e+06 1.036295365062736284e-01
1.138894000000000000e+06 1.073645876710101199e-01
1.252783000000000000e+06 1.103823643228903639e-01
1.378062000000000000e+06 1.130182574399883205e-01
1.515868000000000000e+06 1.161964004985259757e-01
1.667455000000000000e+06 1.202400294931147695e-01
1.834200000000000000e+06 1.247285829758547210e-01
2.017620000000000000e+06 1.288860589508093180e-01
2.219382000000000000e+06 1.341501253066819388e-01
2.441320000000000000e+06 1.387430535648588870e-01
2.685452000000000000e+06 1.435347166820542530e-01
2.953997000000000000e+06 1.462822416464851227e-01
3.249397000000000000e+06 1.501673328259871820e-01
3.574336000000000000e+06 1.553349658285918256e-01
3.931770000000000000e+06 1.587181959262700670e-01
4.324947000000000000e+06 1.655200632089432466e-01
4.757442000000000000e+06 1.698979229792515477e-01
5.233186000000000000e+06 1.763141613018558984e-01
5.756504000000000000e+06 1.811589267134490755e-01
6.332155000000000000e+06 1.867831730004877733e-01
6.965370000000000000e+06 1.922231957550879500e-01
7.661907000000000000e+06 1.987792901934951062e-01
8.428098000000000000e+06 2.047349760886482406e-01
9.270907000000000000e+06 2.105766382304111173e-01
1.019799800000000000e+07 2.194474103086406225e-01
1.121779800000000000e+07 2.254128525190256249e-01
1.233957800000000000e+07 2.307659467228636296e-01
1.357353500000000000e+07 2.402413196781256755e-01
1.493088900000000000e+07 2.460533547197615856e-01
1.642397800000000000e+07 2.555745265325420346e-01
1.806637500000000000e+07 2.615363120440038491e-01
1.987301300000000000e+07 2.689164713664984885e-01
2.186031400000000000e+07 2.762566203480400495e-01
2.404634500000000000e+07 2.808875354244563805e-01
2.645098000000000000e+07 2.888152997339080708e-01
2.909607800000000000e+07 2.966500074885088933e-01
3.200568500000000000e+07 3.034102134383885319e-01
3.520625400000000000e+07 3.120104877209096683e-01
3.872687900000000000e+07 3.211899310516210249e-01
4.259956700000000000e+07 3.320885692184279425e-01
4.685952400000000000e+07 3.380416066162190702e-01
5.154547600000000000e+07 3.498187660806553745e-01
5.670002400000000000e+07 3.583999082514856549e-01
6.237002600000000000e+07 3.676080019665908805e-01
6.860702900000000000e+07 3.713507660249846798e-01
7.546773100000000000e+07 3.767235924046262729e-01
8.301450500000000000e+07 3.878034052212851468e-01
9.131595500000000000e+07 3.959311923296258695e-01
1.004475500000000000e+08 4.188665728911155628e-01
1.104923050000000000e+08 4.370004889912243451e-01
1.215415360000000000e+08 4.469114504826011691e-01
1.336956890000000000e+08 4.490727823160513554e-01
1.470652580000000000e+08 4.710638000223217325e-01
1.617717840000000000e+08 4.845531323672541690e-01
1.779489620000000000e+08 4.991856186847327126e-01
1.957438590000000000e+08 5.044982475979894465e-01
2.153182440000000000e+08 5.080556703185259426e-01
2.368500690000000000e+08 5.184597111143598447e-01
2.605350760000000000e+08 5.360728590335848143e-01
2.865885830000000000e+08 5.493957643154352422e-01
3.152474410000000000e+08 5.669212806807236715e-01
3.467721860000000000e+08 5.779355908923470286e-01
3.814494040000000000e+08 5.803552380975605107e-01
4.195943440000000000e+08 5.894802221408224074e-01
4.615537790000000000e+08 6.089369161440980616e-01
5.077091570000000000e+08 6.383761315663918356e-01
5.584800720000000000e+08 6.555253559321778667e-01
6.143280790000000000e+08 6.628814821508135502e-01
6.757608870000000000e+08 6.822630526635249382e-01
7.433369760000000000e+08 7.106839145391590229e-01
8.176706740000000000e+08 7.222839259085743757e-01
8.994377410000000000e+08 7.292471350659648355e-01
9.893815150000000000e+08 7.673199189152025701e-01
