0.000000000000000000e+00 8.042819871873849039e-04
0.000000000000000000e+00 7.927526921166743856e-04
0.000000000000000000e+00 8.177711018594204352e-04
0.000000000000000000e+00 9.272079602573533299e-04
0.000000000000000000e+00 4.116324067890546763e-06
0.000000000000000000e+00 4.206352761862882766e-06
0.000000000000000000e+00 7.368421886617999923e-06
0.000000000000000000e+00 9.196877438008735120e-06
0.000000000000000000e+00 5.607706251816394520e-06
0.000000000000000000e+00 9.496756420173463198e-06
0.000000000000000000e+00 5.720864496083350266e-06
0.000000000000000000e+00 9.106329296246707587e-06
0.000000000000000000e+00 3.997039859691539827e-04
0.000000000000000000e+00 8.592184795948841231e-04
0.000000000000000000e+00 9.666179791062545334e-04
0.000000000000000000e+00 1.223382026121209895e-05
0.000000000000000000e+00 7.021642951097848703e-06
0.000000000000000000e+00 7.042193920366603551e-06
0.000000000000000000e+00 3.600572797183014798e-06
0.000000000000000000e+00 3.064956335335374243e-04
0.000000000000000000e+00 2.458997752101157162e-04
0.000000000000000000e+00 3.922875412428407545e-04
0.000000000000000000e+00 2.419836818130693045e-04
0.000000000000000000e+00 6.024107202616978867e-04
0.000000000000000000e+00 3.193323988672233465e-04
0.000000000000000000e+00 2.362038168244080132e-04
0.000000000000000000e+00 4.046437936307539372e-04
0.000000000000000000e+00 6.779903457878232393e-04
0.000000000000000000e+00 8.177424507738738401e-04
0.000000000000000000e+00 6.146093696600866225e-04
0.000000000000000000e+00 1.274043425977582295e-03
0.000000000000000000e+00 1.162957848648542118e-03
0.000000000000000000e+00 8.882165265168195586e-04
0.000000000000000000e+00 5.639876262387114470e-04
0.000000000000000000e+00 6.485682801084669945e-04
0.000000000000000000e+00 4.628147703544734939e-04
0.000000000000000000e+00 1.067366786684698001e-03
0.000000000000000000e+00 5.035707702920233682e-04
0.000000000000000000e+00 3.171823324711114055e-04
0.000000000000000000e+00 6.672849123943573081e-04
0.000000000000000000e+00 4.357672622079775430e-04
0.000000000000000000e+00 3.794691036784112966e-04
0.000000000000000000e+00 9.383253597959312743e-04
0.000000000000000000e+00 1.009581936257414325e-03
0.000000000000000000e+00 1.055506265597693687e-03
0.000000000000000000e+00 8.879055611150116906e-04
0.000000000000000000e+00 6.151100680923520534e-04
0.000000000000000000e+00 3.583962761858017427e-04
0.000000000000000000e+00 5.094037791554680786e-04
0.000000000000000000e+00 8.424042246756239648e-04
0.000000000000000000e+00 6.128809588469132184e-04
0.000000000000000000e+00 5.599976705731223242e-04
0.000000000000000000e+00 7.544602148718200811e-04
0.000000000000000000e+00 9.999569050379419205e-04
0.000000000000000000e+00 3.993624235469235020e-04
0.000000000000000000e+00 3.644114370139340240e-04
0.000000000000000000e+00 5.489811479020452467e-04
0.000000000000000000e+00 1.704244399768414656e-04
0.000000000000000000e+00 2.124413983930041952e-04
0.000000000000000000e+00 1.998651728279261764e-04
0.000000000000000000e+00 7.744825407325197980e-04
0.000000000000000000e+00 1.244436454749642913e-03
0.000000000000000000e+00 8.545756586118706576e-04
0.000000000000000000e+00 8.824147777239022992e-04
0.000000000000000000e+00 6.913125784000785081e-04
0.000000000000000000e+00 6.071284647988438006e-04
0.000000000000000000e+00 8.852592541159054040e-04
0.000000000000000000e+00 6.452472366614487361e-04
0.000000000000000000e+00 6.245795802333952915e-04
0.000000000000000000e+00 7.007274346166996728e-04
0.000000000000000000e+00 7.268614883398496563e-04
0.000000000000000000e+00 1.287120278008390501e-03
0.000000000000000000e+00 1.129577154999878482e-03
0.000000000000000000e+00 1.419403092491479824e-03
0.000000000000000000e+00 1.506266596503646419e-03
0.000000000000000000e+00 1.880455149019859664e-03
0.000000000000000000e+00 1.311420393873113802e-03
0.000000000000000000e+00 1.045868945438784264e-03
0.000000000000000000e+00 1.233961513419124922e-03
0.000000000000000000e+00 1.031128051671876275e-03
0.000000000000000000e+00 9.435018918093811355e-04
0.000000000000000000e+00 7.722916899845510847e-04
0.000000000000000000e+00 1.303794035662543061e-03
0.000000000000000000e+00 2.006274146476096174e-03
0.000000000000000000e+00 2.511127789834465343e-03
0.000000000000000000e+00 2.812663622721599949e-03
0.000000000000000000e+00 3.090614811508091836e-03
0.000000000000000000e+00 1.994756521122275847e-03
0.000000000000000000e+00 2.273964023883715165e-03
0.000000000000000000e+00 2.882386487489851240e-03
0.000000000000000000e+00 2.173238595876416431e-03
0.000000000000000000e+00 2.501073375208409406e-03
0.000000000000000000e+00 2.501238638017195745e-03
0.000000000000000000e+00 2.670626111997423651e-03
0.000000000000000000e+00 2.471365269141208559e-03
0.000000000000000000e+00 3.087915223769154786e-03
0.000000000000000000e+00 2.268047785321394318e-03
0.000000000000000000e+00 1.567639216066366633e-03
0.000000000000000000e+00 2.430364966205425525e-03
0.000000000000000000e+00 2.892134804396886538e-03
0.000000000000000000e+00 2.593616730941169981e-03
0.000000000000000000e+00 3.643713331141667719e-03
0.000000000000000000e+00 3.083043136692873755e-03
0.000000000000000000e+00 3.849755317409590642e-03
0.000000000000000000e+00 3.899474081726878733e-03
0.000000000000000000e+00 3.378981708541241823e-03
0.000000000000000000e+00 2.861977479555001969e-03
0.000000000000000000e+00 3.855300157638384857e-03
0.000000000000000000e+00 4.465784414377710516e-03
0.000000000000000000e+00 5.614878825848788023e-03
0.000000000000000000e+00 6.597033997261534180e-03
0.000000000000000000e+00 6.755689079049892118e-03
0.000000000000000000e+00 5.391784214724788457e-03
0.000000000000000000e+00 4.196618528878199965e-03
0.000000000000000000e+00 5.326518305837892910e-03
0.000000000000000000e+00 3.365598723138166562e-03
0.000000000000000000e+00 2.533903716757549690e-03
0.000000000000000000e+00 4.739953501651622027e-03
0.000000000000000000e+00 1.625944618648989069e-03
0.000000000000000000e+00 1.107293030152097261e-03
0.000000000000000000e+00 5.977752879132576871e-03
0.000000000000000000e+00 4.588275375420240200e-03
0.000000000000000000e+00 4.887955326512055491e-03
0.000000000000000000e+00 8.481939714571406358e-03
0.000000000000000000e+00 6.311254709836802701e-03
0.000000000000000000e+00 3.485494187995828979e-03
0.000000000000000000e+00 4.219127423854829306e-03
0.000000000000000000e+00 5.088725444567306251e-03
0.000000000000000000e+00 9.586865525379642539e-03
0.000000000000000000e+00 9.358445297477991850e-03
0.000000000000000000e+00 1.039201543519491407e-02
0.000000000000000000e+00 8.809754563377495198e-03
0.000000000000000000e+00 2.097682148701356108e-02
0.000000000000000000e+00 1.695759959764223460e-02
0.000000000000000000e+00 1.319772901282786209e-02
0.000000000000000000e+00 1.743826904500606068e-02
0.000000000000000000e+00 1.884063587210609361e-02
0.000000000000000000e+00 1.732693880102903830e-02
0.000000000000000000e+00 1.582422044581456230e-02
0.000000000000000000e+00 2.309175808199393984e-02
0.000000000000000000e+00 2.040705544636101099e-02
0.000000000000000000e+00 1.934393571811674276e-02
0.000000000000000000e+00 2.508557643181599101e-02
0.000000000000000000e+00 3.144714304307117542e-02
0.000000000000000000e+00 3.935883291056637562e-02
0.000000000000000000e+00 4.223506230146452378e-02
0.000000000000000000e+00 3.613175049015307505e-02
0.000000000000000000e+00 3.745320715180330134e-02
0.000000000000000000e+00 4.271988583018821589e-02
0.000000000000000000e+00 4.081537013698654376e-02
0.000000000000000000e+00 4.210371996385570831e-02
0.000000000000000000e+00 3.103443021650776484e-02
0.000000000000000000e+00 3.289261239756997163e-02
0.000000000000000000e+00 2.585432266369673202e-02
0.000000000000000000e+00 2.878015180244504131e-02
0.000000000000000000e+00 4.964606559578365469e-02
0.000000000000000000e+00 5.472074404546162923e-02
0.000000000000000000e+00 5.982198896835774077e-02
0.000000000000000000e+00 5.734192865279301443e-02
0.000000000000000000e+00 4.677318916600519544e-02
0.000000000000000000e+00 4.264504782314217091e-02
0.000000000000000000e+00 3.451748935297403037e-02
0.000000000000000000e+00 3.859625263165113174e-02
0.000000000000000000e+00 5.253130290163196547e-02
0.000000000000000000e+00 4.831868990641242229e-02
0.000000000000000000e+00 4.543008679191444521e-02
0.000000000000000000e+00 2.769391964947230320e-02
0.000000000000000000e+00 4.424425208527096864e-02
0.000000000000000000e+00 3.005916233718366679e-02
0.000000000000000000e+00 4.294549840563176291e-02
