0.000000000000000000e+00 2.109963174465373861e-02
0.000000000000000000e+00 1.807949501949653731e-02
0.000000000000000000e+00 1.476144772845807036e-02
0.000000000000000000e+00 1.176537763099850392e-02
0.000000000000000000e+00 9.198477265286901863e-03
0.000000000000000000e+00 1.102234620033321240e-02
0.000000000000000000e+00 1.209197778694618731e-02
0.000000000000000000e+00 1.114262144021773739e-02
0.000000000000000000e+00 4.916538798789245497e-03
0.000000000000000000e+00 3.236982384876384029e-03
0.000000000000000000e+00 3.871735869090245363e-03
0.000000000000000000e+00 8.032857384517666857e-03
0.000000000000000000e+00 1.177027767556908765e-02
0.000000000000000000e+00 1.320792876116463378e-02
0.000000000000000000e+00 1.374848896424621728e-02
0.000000000000000000e+00 1.195366940148505190e-02
0.000000000000000000e+00 6.892193102344130150e-03
0.000000000000000000e+00 9.552388614372846198e-03
0.000000000000000000e+00 1.205518504876635852e-02
0.000000000000000000e+00 6.222362425960094832e-03
0.000000000000000000e+00 1.040967465389769191e-02
0.000000000000000000e+00 7.519708574140359335e-03
0.000000000000000000e+00 6.360433677038070978e-03
0.000000000000000000e+00 1.041433886523768053e-02
0.000000000000000000e+00 1.628554945956690522e-02
0.000000000000000000e+00 1.404987651760683347e-02
0.000000000000000000e+00 6.110332678340844002e-03
0.000000000000000000e+00 1.340194000285033389e-02
0.000000000000000000e+00 1.218515600228409212e-02
0.000000000000000000e+00 1.272911593159556376e-02
0.000000000000000000e+00 1.400766271153042718e-02
0.000000000000000000e+00 1.459350127145641815e-02
0.000000000000000000e+00 9.698726114289447225e-03
0.000000000000000000e+00 1.342625804906191940e-02
0.000000000000000000e+00 6.872595358378087195e-03
0.000000000000000000e+00 1.069161325525759196e-02
0.000000000000000000e+00 1.913229314640563228e-02
0.000000000000000000e+00 9.696940618566247949e-03
0.000000000000000000e+00 1.035079647949856130e-02
0.000000000000000000e+00 7.609581891273652782e-03
0.000000000000000000e+00 1.155945416358402159e-02
0.000000000000000000e+00 6.006180783159961213e-03
0.000000000000000000e+00 1.168849837062057966e-02
0.000000000000000000e+00 4.386633944153532291e-03
0.000000000000000000e+00 1.092232682902320902e-02
0.000000000000000000e+00 1.094770221736049952e-02
0.000000000000000000e+00 7.340170368594991362e-03
0.000000000000000000e+00 7.322518353681331700e-03
0.000000000000000000e+00 7.945330845219712376e-03
0.000000000000000000e+00 1.285832106303152339e-02
0.000000000000000000e+00 1.601733661505557252e-02
0.000000000000000000e+00 2.114614979233808700e-02
0.000000000000000000e+00 1.871987207221246022e-02
0.000000000000000000e+00 1.315638080324524860e-02
0.000000000000000000e+00 1.041987402227110247e-02
0.000000000000000000e+00 6.294723326723752552e-03
0.000000000000000000e+00 8.036231320712454440e-03
0.000000000000000000e+00 8.882519426378970503e-03
0.000000000000000000e+00 7.341103421148613244e-03
0.000000000000000000e+00 5.213958519205925089e-03
0.000000000000000000e+00 8.714213208316619330e-03
0.000000000000000000e+00 5.875460853413960911e-03
0.000000000000000000e+00 6.516205122615462662e-03
0.000000000000000000e+00 7.877800515372294227e-03
0.000000000000000000e+00 8.214726157334768797e-03
0.000000000000000000e+00 3.588294112806259244e-03
0.000000000000000000e+00 1.038767445774076842e-02
0.000000000000000000e+00 7.956722732381720647e-03
0.000000000000000000e+00 7.642441274880704821e-03
0.000000000000000000e+00 1.273425078125916057e-02
0.000000000000000000e+00 9.810489092802649608e-03
0.000000000000000000e+00 1.214663091725438730e-02
0.000000000000000000e+00 1.185629840380206419e-02
0.000000000000000000e+00 1.246290233613342978e-02
0.000000000000000000e+00 7.569368517914820335e-03
0.000000000000000000e+00 1.561975720169809199e-02
0.000000000000000000e+00 7.394740146888206800e-03
0.000000000000000000e+00 6.321527296468795222e-03
0.000000000000000000e+00 1.500601825935173180e-03
0.000000000000000000e+00 8.697548459192412651e-03
0.000000000000000000e+00 6.208107357319130916e-03
0.000000000000000000e+00 4.258271968768575881e-03
0.000000000000000000e+00 6.454586753619485397e-03
0.000000000000000000e+00 7.396692168800886313e-03
0.000000000000000000e+00 4.514683625681868533e-03
0.000000000000000000e+00 8.136020983257096287e-03
0.000000000000000000e+00 7.437451267739524433e-03
0.000000000000000000e+00 7.136977511524071442e-03
0.000000000000000000e+00 5.321735115542658955e-03
0.000000000000000000e+00 4.212521553654078633e-03
0.000000000000000000e+00 4.206952084348011128e-03
0.000000000000000000e+00 5.423672445861739064e-03
0.000000000000000000e+00 3.639879910106922495e-03
0.000000000000000000e+00 6.263160084174747289e-03
0.000000000000000000e+00 6.349992296058336316e-03
0.000000000000000000e+00 3.021349658679039259e-03
0.000000000000000000e+00 5.787898181550872947e-03
0.000000000000000000e+00 3.242740470651335645e-03
0.000000000000000000e+00 4.575976923018706434e-03
0.000000000000000000e+00 4.775056246789119267e-03
0.000000000000000000e+00 6.703890166164737027e-03
0.000000000000000000e+00 1.997232224855179442e-03
0.000000000000000000e+00 3.637138908537883644e-03
0.000000000000000000e+00 4.333621949362930457e-03
0.000000000000000000e+00 3.449886548859255019e-03
0.000000000000000000e+00 5.875606249571198141e-03
0.000000000000000000e+00 3.747046335448798050e-03
0.000000000000000000e+00 4.332181879838379289e-03
0.000000000000000000e+00 2.874341385430749258e-03
0.000000000000000000e+00 1.977663732791826081e-03
0.000000000000000000e+00 2.784639983911747860e-03
0.000000000000000000e+00 4.952139957634485098e-03
0.000000000000000000e+00 2.603422716348616044e-03
0.000000000000000000e+00 4.384146594264364503e-03
0.000000000000000000e+00 5.829331467672765194e-03
0.000000000000000000e+00 2.791494395480677987e-03
0.000000000000000000e+00 3.662592164028075949e-03
0.000000000000000000e+00 2.156345278474670023e-03
0.000000000000000000e+00 2.045789959893243130e-03
0.000000000000000000e+00 1.966775981142724391e-03
0.000000000000000000e+00 2.244061371709800412e-03
0.000000000000000000e+00 2.132207738472011518e-03
0.000000000000000000e+00 2.043425614011933934e-03
0.000000000000000000e+00 2.020867180197676201e-03
0.000000000000000000e+00 2.864489762592964915e-03
0.000000000000000000e+00 2.334591904380697944e-03
0.000000000000000000e+00 3.140330390261513414e-03
0.000000000000000000e+00 3.227618093889057359e-03
0.000000000000000000e+00 5.096273564085842395e-03
0.000000000000000000e+00 3.826971889105008559e-03
0.000000000000000000e+00 2.657309345936202053e-03
0.000000000000000000e+00 3.893874091441584199e-03
0.000000000000000000e+00 3.344624307751162696e-03
0.000000000000000000e+00 1.646008918566336729e-03
0.000000000000000000e+00 2.628454953009487852e-03
0.000000000000000000e+00 1.870621287166369722e-03
0.000000000000000000e+00 1.955071108681217737e-03
0.000000000000000000e+00 2.689370677314649200e-03
0.000000000000000000e+00 3.820684043466570593e-03
0.000000000000000000e+00 2.785870420532865228e-03
0.000000000000000000e+00 2.392637373276618358e-03
0.000000000000000000e+00 2.925403329457329938e-03
0.000000000000000000e+00 2.229509040125198915e-03
0.000000000000000000e+00 3.442341389229140042e-03
0.000000000000000000e+00 3.602266142305425058e-03
0.000000000000000000e+00 5.087255039802875134e-03
0.000000000000000000e+00 3.197915220890026281e-03
0.000000000000000000e+00 2.955090360716595976e-03
0.000000000000000000e+00 2.741826296467379884e-03
0.000000000000000000e+00 3.091783627616900582e-03
0.000000000000000000e+00 2.806497361481038056e-03
0.000000000000000000e+00 3.842906795643120498e-03
0.000000000000000000e+00 3.513853189875734868e-03
0.000000000000000000e+00 3.714759609988254555e-03
0.000000000000000000e+00 3.903696730023989078e-03
0.000000000000000000e+00 1.750565897074422058e-03
0.000000000000000000e+00 2.437244706630824036e-03
0.000000000000000000e+00 3.696006948045415987e-03
0.000000000000000000e+00 3.137637480653252420e-03
0.000000000000000000e+00 3.237280920772877581e-03
0.000000000000000000e+00 3.702988285155648165e-03
0.000000000000000000e+00 1.788744073365428197e-03
0.000000000000000000e+00 3.823666125592049651e-03
0.000000000000000000e+00 1.130716693075682708e-03
0.000000000000000000e+00 1.904939684084507381e-03
0.000000000000000000e+00 2.389226268062533045e-03
0.000000000000000000e+00 2.304566718496109910e-03
0.000000000000000000e+00 2.488530297183436362e-03
0.000000000000000000e+00 2.342514153639210263e-03
0.000000000000000000e+00 1.823050125476548310e-03
