100 1.750000
111 1.830000
122 1.930000
134 1.990000
147 2.100000
162 2.220000
178 2.350000
195 2.480000
215 2.630000
236 2.750000
260 2.880000
286 3.040000
314 3.160000
346 3.360000
380 3.490000
418 3.640000
460 3.800000
506 4.030000
556 4.180000
612 4.420000
673 4.560000
741 4.720000
815 4.890000
896 5.120000
985 5.350000
1084 5.550000
1192 5.760000
1311 6.020000
1443 6.250000
1587 6.540000
1745 6.860000
1920 7.120000
2112 7.510000
2323 7.810000
2555 8.150000
2811 8.420000
3092 8.730000
3401 9.130000
3741 9.650000
4115 10.060000
4526 10.540000
4979 10.960000
5477 11.480000
6025 12.040000
6627 12.550000
7290 12.970000
8018 13.380000
8820 13.960000
9702 14.600000
10672 15.270000
11740 15.880000
12913 16.590000
14205 17.220000
15625 17.830000
17188 18.600000
18906 19.110000
20797 19.650000
22877 20.240000
25164 21.020000
27681 21.600000
30449 22.310000
33493 22.650000
36843 23.310000
40527 23.590000
44580 23.930000
49038 24.590000
53941 24.550000
59335 24.750000
65269 24.760000
71796 24.570000
78975 24.710000
86873 24.470000
95560 24.330000
105116 24.700000
115627 24.420000
127190 23.950000
139909 24.000000
153900 24.290000
169290 23.680000
186219 23.570000
204841 23.760000
225325 23.530000
247857 23.430000
272643 23.140000
299907 23.790000
329897 23.270000
362887 23.270000
399176 23.220000
439093 23.520000
483003 23.210000
531303 22.920000
584433 23.140000
642876 23.540000
707164 23.100000
777880 22.690000
855668 23.260000
941235 23.790000
1035358 23.030000
1138894 23.610000
1252783 24.360000
1378062 23.800000
1515868 24.140000
1667455 23.930000
1834200 23.930000
2017620 24.180000
2219382 24.160000
2441320 25.120000
2685452 24.530000
2953997 24.560000
3249397 24.710000
3574336 24.480000
3931770 25.380000
4324947 24.630000
4757442 24.340000
5233186 23.990000
5756504 23.890000
6332155 23.860000
6965370 23.900000
7661907 24.180000
8428098 23.630000
9270907 24.220000
10197998 24.630000
11217798 24.310000
12339578 24.360000
13573535 24.190000
14930889 24.210000
16423978 23.800000
18066375 24.300000
19873013 24.060000
21860314 24.090000
24046345 23.750000
26450980 23.630000
29096078 23.470000
32005685 23.970000
35206254 23.470000
38726879 23.450000
42599567 23.500000
46859524 22.910000
51545476 21.460000
56700024 21.030000
62370026 20.130000
68607029 19.370000
75467731 19.040000
83014505 18.920000
91315955 18.490000
100447550 17.740000
110492305 17.120000
121541536 16.260000
133695689 16.270000
147065258 16.510000
161771784 16.120000
177948962 16.180000
195743859 15.780000
215318244 16.160000
236850069 16.120000
260535076 16.160000
286588583 16.180000
315247441 16.220000
346772186 16.140000
381449404 16.100000
419594344 16.100000
461553779 16.160000
507709157 16.160000
558480072 16.060000
614328079 16.120000
675760887 16.200000
743336976 16.220000
817670674 16.080000
899437741 16.260000
989381515 16.140000
