1.000000000000000000e+02 1.091531999999999919e-01
1.110000000000000000e+02 9.663520000000000443e-02
1.220000000000000000e+02 7.981879999999999531e-02
1.340000000000000000e+02 7.133259999999999601e-02
1.470000000000000000e+02 6.377420000000000311e-02
1.620000000000000000e+02 5.170419999999999877e-02
1.780000000000000000e+02 4.931699999999999973e-02
1.950000000000000000e+02 3.803079999999999655e-02
2.150000000000000000e+02 3.434359999999999497e-02
2.360000000000000000e+02 3.028959999999999986e-02
2.600000000000000000e+02 2.308580000000000007e-02
2.860000000000000000e+02 2.194600000000000023e-02
3.140000000000000000e+02 2.466140000000000693e-02
3.460000000000000000e+02 2.525420000000000442e-02
3.800000000000000000e+02 2.763220000000000259e-02
4.180000000000000000e+02 2.833219999999999489e-02
4.600000000000000000e+02 3.624300000000000438e-02
5.060000000000000000e+02 5.112019999999999065e-02
5.560000000000000000e+02 5.519699999999999607e-02
6.120000000000000000e+02 5.474820000000000381e-02
6.730000000000000000e+02 6.470019999999999938e-02
7.410000000000000000e+02 6.638379999999999281e-02
8.150000000000000000e+02 6.659279999999999367e-02
8.960000000000000000e+02 7.519540000000000946e-02
9.850000000000000000e+02 8.180699999999999084e-02
1.084000000000000000e+03 9.249540000000000539e-02
1.192000000000000000e+03 1.003867999999999983e-01
1.311000000000000000e+03 1.094915999999999945e-01
1.443000000000000000e+03 1.184878000000000042e-01
1.587000000000000000e+03 1.312539999999999818e-01
1.745000000000000000e+03 1.374269999999999936e-01
1.920000000000000000e+03 1.406470000000000220e-01
2.112000000000000000e+03 1.422152000000000138e-01
2.323000000000000000e+03 1.515214000000000005e-01
2.555000000000000000e+03 1.596967999999999999e-01
2.811000000000000000e+03 1.653454000000000035e-01
3.092000000000000000e+03 1.656892000000000087e-01
3.401000000000000000e+03 1.788951999999999765e-01
3.741000000000000000e+03 1.901150000000000062e-01
4.115000000000000000e+03 2.031518000000000213e-01
4.526000000000000000e+03 2.129679999999999906e-01
4.979000000000000000e+03 2.163565999999999823e-01
5.477000000000000000e+03 2.305836000000000274e-01
6.025000000000000000e+03 2.413102000000000302e-01
6.627000000000000000e+03 2.538317999999999963e-01
7.290000000000000000e+03 2.571620000000000017e-01
8.018000000000000000e+03 2.631178000000000128e-01
8.820000000000000000e+03 2.729931999999999914e-01
9.702000000000000000e+03 2.829916000000000098e-01
1.067200000000000000e+04 3.054716000000000098e-01
1.174000000000000000e+04 3.082250000000000267e-01
1.291300000000000000e+04 3.193429999999999880e-01
1.420500000000000000e+04 3.414453999999999545e-01
1.562500000000000000e+04 3.365732000000000168e-01
1.718800000000000000e+04 3.468571999999999766e-01
1.890600000000000000e+04 3.463832000000000022e-01
2.079700000000000000e+04 3.565501999999999838e-01
2.287700000000000000e+04 3.737460000000000226e-01
2.516400000000000000e+04 3.784691999999999501e-01
2.768100000000000000e+04 3.953631999999999702e-01
3.044900000000000000e+04 4.009844000000000186e-01
3.349300000000000000e+04 4.095678000000000374e-01
3.684300000000000000e+04 4.213948000000000138e-01
4.052700000000000000e+04 4.344450000000000256e-01
4.458000000000000000e+04 4.404092000000000562e-01
4.903800000000000000e+04 4.556468000000000740e-01
5.394100000000000000e+04 4.678532000000000801e-01
5.933500000000000000e+04 4.860735999999999946e-01
6.526900000000000000e+04 4.940693999999999919e-01
7.179600000000000000e+04 4.982219999999999982e-01
7.897500000000000000e+04 5.120601999999999654e-01
8.687300000000000000e+04 5.247167999999999832e-01
9.556000000000000000e+04 5.336022000000000265e-01
1.051160000000000000e+05 5.471009999999999485e-01
1.156270000000000000e+05 5.560534000000000310e-01
1.271900000000000000e+05 5.714942000000000633e-01
1.399090000000000000e+05 5.793630000000000724e-01
1.539000000000000000e+05 5.896770000000000067e-01
1.692900000000000000e+05 5.985224000000000100e-01
1.862190000000000000e+05 6.086967999999999268e-01
2.048410000000000000e+05 6.221398000000000206e-01
2.253250000000000000e+05 6.335228000000000526e-01
2.478570000000000000e+05 6.459516000000000702e-01
2.726430000000000000e+05 6.527337999999999196e-01
2.999070000000000000e+05 6.654436000000000240e-01
3.298970000000000000e+05 6.715004000000001083e-01
3.628870000000000000e+05 6.779385999999999468e-01
3.991760000000000000e+05 6.910271999999999526e-01
4.390930000000000000e+05 6.972704000000000679e-01
4.830030000000000000e+05 7.080254000000000270e-01
5.313030000000000000e+05 7.180411999999999351e-01
5.844330000000000000e+05 7.252623999999999738e-01
6.428760000000000000e+05 7.341045999999999960e-01
7.071640000000000000e+05 7.438379999999999992e-01
7.778800000000000000e+05 7.483524000000000287e-01
8.556680000000000000e+05 7.589837999999999862e-01
9.412350000000000000e+05 7.682164000000000215e-01
1.035358000000000000e+06 7.769220000000000015e-01
1.138894000000000000e+06 7.820833999999999842e-01
1.252783000000000000e+06 7.884169999999999234e-01
1.378062000000000000e+06 7.931226000000000109e-01
1.515868000000000000e+06 7.981902000000000719e-01
1.667455000000000000e+06 8.064717999999999609e-01
1.834200000000000000e+06 8.128429999999999822e-01
2.017620000000000000e+06 8.208854000000000983e-01
2.219382000000000000e+06 8.258767999999999665e-01
2.441320000000000000e+06 8.333937999999999624e-01
2.685452000000000000e+06 8.391630000000001033e-01
2.953997000000000000e+06 8.410788000000000153e-01
3.249397000000000000e+06 8.444591999999999654e-01
3.574336000000000000e+06 8.476041999999999188e-01
3.931770000000000000e+06 8.536569999999998881e-01
4.324947000000000000e+06 8.598225999999999924e-01
4.757442000000000000e+06 8.606331999999998761e-01
5.233186000000000000e+06 8.675428000000000583e-01
5.756504000000000000e+06 8.714328000000000074e-01
6.332155000000000000e+06 8.772889999999999855e-01
6.965370000000000000e+06 8.800548000000001370e-01
7.661907000000000000e+06 8.820278000000000285e-01
8.428098000000000000e+06 8.865973999999999799e-01
9.270907000000000000e+06 8.896466000000000651e-01
1.019799800000000000e+07 8.925195999999999685e-01
1.121779800000000000e+07 8.967845999999999318e-01
1.233957800000000000e+07 8.970594000000000623e-01
1.357353500000000000e+07 8.983921999999999741e-01
1.493088900000000000e+07 8.994911999999999352e-01
1.642397800000000000e+07 9.032227999999999923e-01
1.806637500000000000e+07 9.049748000000000792e-01
1.987301300000000000e+07 9.035094000000001291e-01
2.186031400000000000e+07 9.064792000000000405e-01
2.404634500000000000e+07 9.085615999999999692e-01
2.645098000000000000e+07 9.111080000000001400e-01
2.909607800000000000e+07 9.123514000000000346e-01
3.200568500000000000e+07 9.142789999999999528e-01
3.520625400000000000e+07 9.171286000000000715e-01
3.872687900000000000e+07 9.198302000000000422e-01
4.259956700000000000e+07 9.225904000000000327e-01
4.685952400000000000e+07 9.220419999999999172e-01
5.154547600000000000e+07 9.253248000000000584e-01
5.670002400000000000e+07 9.259855999999999643e-01
6.237002600000000000e+07 9.257604000000000388e-01
6.860702900000000000e+07 9.278092000000001116e-01
7.546773100000000000e+07 9.278398000000001034e-01
8.301450500000000000e+07 9.297945999999999156e-01
9.131595500000000000e+07 9.326807999999999765e-01
1.004475500000000000e+08 9.342819999999999458e-01
1.104923050000000000e+08 9.352555999999999647e-01
1.215415360000000000e+08 9.360127999999999782e-01
1.336956890000000000e+08 9.386876000000000664e-01
1.470652580000000000e+08 9.362038000000000304e-01
1.617717840000000000e+08 9.378882000000000607e-01
1.779489620000000000e+08 9.393757999999999830e-01
1.957438590000000000e+08 9.388750000000000151e-01
2.153182440000000000e+08 9.386870000000001601e-01
2.368500690000000000e+08 9.411415999999999116e-01
2.605350760000000000e+08 9.407586000000000004e-01
2.865885830000000000e+08 9.423953999999999942e-01
3.152474410000000000e+08 9.425734000000000057e-01
3.467721860000000000e+08 9.422329999999998762e-01
3.814494040000000000e+08 9.433624000000000454e-01
4.195943440000000000e+08 9.470653999999999462e-01
4.615537790000000000e+08 9.480361999999999956e-01
5.077091570000000000e+08 9.477059999999999373e-01
5.584800720000000000e+08 9.477471999999999008e-01
6.143280790000000000e+08 9.485020000000000673e-01
6.757608870000000000e+08 9.471334000000000142e-01
7.433369760000000000e+08 9.459929999999999728e-01
8.176706740000000000e+08 9.485170000000000545e-01
8.994377410000000000e+08 9.464392000000000360e-01
9.893815150000000000e+08 9.480311999999999628e-01
