0.000000000000000000e+00 1.032448807843444760e-05
0.000000000000000000e+00 1.066874149860277871e-05
0.000000000000000000e+00 1.236546947324045586e-05
0.000000000000000000e+00 1.206966857281479377e-05
0.000000000000000000e+00 1.554586290619954615e-05
0.000000000000000000e+00 3.085249693234249957e-05
0.000000000000000000e+00 1.721500148729556063e-05
0.000000000000000000e+00 3.008881243361560186e-05
0.000000000000000000e+00 2.249584072295535147e-05
0.000000000000000000e+00 2.588973289428307900e-05
0.000000000000000000e+00 nan
0.000000000000000000e+00 nan
0.000000000000000000e+00 1.365386601276319324e-04
0.000000000000000000e+00 1.433358793658371690e-04
0.000000000000000000e+00 8.253047357162851061e-05
0.000000000000000000e+00 nan
0.000000000000000000e+00 5.914829624837889980e-05
0.000000000000000000e+00 8.668377551449797994e-05
0.000000000000000000e+00 6.041125682447634644e-05
0.000000000000000000e+00 2.761319815831278328e-03
0.000000000000000000e+00 3.412028644717368577e-03
0.000000000000000000e+00 4.017850171740335388e-03
0.000000000000000000e+00 3.513424828045483110e-03
0.000000000000000000e+00 3.690103586864743133e-03
0.000000000000000000e+00 2.398337914395195364e-03
0.000000000000000000e+00 1.882713212773561842e-03
0.000000000000000000e+00 2.502686174388039659e-03
0.000000000000000000e+00 2.215647916183230686e-03
0.000000000000000000e+00 2.103422615781441220e-03
0.000000000000000000e+00 2.804600574458031466e-03
0.000000000000000000e+00 2.031533605393739342e-03
0.000000000000000000e+00 2.715673826551848712e-03
0.000000000000000000e+00 1.498652030143403239e-03
0.000000000000000000e+00 2.401896508909386139e-03
0.000000000000000000e+00 2.084951414103439725e-03
0.000000000000000000e+00 1.368221527444205910e-03
0.000000000000000000e+00 3.187871986383383933e-03
0.000000000000000000e+00 2.552866669473823156e-03
0.000000000000000000e+00 2.964695171890044563e-03
0.000000000000000000e+00 3.237742246310400078e-03
0.000000000000000000e+00 2.814838220530375273e-03
0.000000000000000000e+00 2.157533625914489616e-03
0.000000000000000000e+00 2.676681707738271399e-03
0.000000000000000000e+00 2.849233782011131692e-03
0.000000000000000000e+00 3.013481066970514783e-03
0.000000000000000000e+00 3.360295743304023489e-03
0.000000000000000000e+00 4.506565971077243493e-03
0.000000000000000000e+00 5.398959138748922124e-03
0.000000000000000000e+00 5.175743932130814386e-03
0.000000000000000000e+00 4.708924802100999951e-03
0.000000000000000000e+00 5.848125531254000885e-03
0.000000000000000000e+00 5.335116896574952292e-03
0.000000000000000000e+00 4.929736115734119004e-03
0.000000000000000000e+00 5.893395463621483275e-03
0.000000000000000000e+00 6.263857059652544468e-03
0.000000000000000000e+00 8.241706916157234830e-03
0.000000000000000000e+00 8.154791040313996708e-03
0.000000000000000000e+00 7.740498650963969531e-03
0.000000000000000000e+00 6.009420081678165659e-03
0.000000000000000000e+00 6.976528654341094399e-03
0.000000000000000000e+00 7.888374012893349663e-03
0.000000000000000000e+00 7.897871826422670632e-03
0.000000000000000000e+00 7.373091538828101948e-03
0.000000000000000000e+00 8.514320167716499244e-03
0.000000000000000000e+00 1.012089814034468523e-02
0.000000000000000000e+00 7.916522319018379911e-03
0.000000000000000000e+00 7.831061011599190630e-03
0.000000000000000000e+00 9.304371845093757643e-03
0.000000000000000000e+00 9.524816369655100118e-03
0.000000000000000000e+00 8.572953610006440670e-03
0.000000000000000000e+00 8.317644386332159745e-03
0.000000000000000000e+00 8.672907670689868759e-03
0.000000000000000000e+00 1.125122455193092001e-02
0.000000000000000000e+00 1.203232346243889028e-02
0.000000000000000000e+00 1.306133560069805584e-02
0.000000000000000000e+00 1.488258857996365044e-02
0.000000000000000000e+00 1.397668663331447410e-02
0.000000000000000000e+00 1.827266630239024817e-02
0.000000000000000000e+00 2.013586325609728958e-02
0.000000000000000000e+00 2.118275234389131734e-02
0.000000000000000000e+00 2.334779144539996312e-02
0.000000000000000000e+00 2.670265220025336977e-02
0.000000000000000000e+00 2.707529462721449884e-02
0.000000000000000000e+00 2.689569431857538953e-02
0.000000000000000000e+00 3.194034039537307218e-02
0.000000000000000000e+00 3.197566498879079316e-02
0.000000000000000000e+00 3.038533777442377348e-02
0.000000000000000000e+00 3.301228146505685163e-02
0.000000000000000000e+00 3.358376206338292702e-02
0.000000000000000000e+00 2.674237664758538982e-02
0.000000000000000000e+00 2.764210508159944610e-02
0.000000000000000000e+00 2.756208395525767615e-02
0.000000000000000000e+00 2.713347525268540103e-02
0.000000000000000000e+00 3.289160595065946519e-02
0.000000000000000000e+00 3.202912352207880342e-02
0.000000000000000000e+00 2.916488615212215613e-02
0.000000000000000000e+00 2.763728024765238142e-02
0.000000000000000000e+00 3.496897446213827892e-02
0.000000000000000000e+00 3.610728829572805443e-02
0.000000000000000000e+00 3.563348259430059589e-02
0.000000000000000000e+00 3.212865593854639934e-02
0.000000000000000000e+00 3.838654223135965632e-02
0.000000000000000000e+00 3.754615928846388728e-02
0.000000000000000000e+00 3.670218698289397924e-02
0.000000000000000000e+00 4.553588034287173181e-02
0.000000000000000000e+00 4.461931201499387545e-02
0.000000000000000000e+00 4.339982214835724078e-02
0.000000000000000000e+00 4.564583831096460237e-02
0.000000000000000000e+00 4.255883629313928634e-02
0.000000000000000000e+00 3.996108757445959725e-02
0.000000000000000000e+00 3.216747881149458616e-02
0.000000000000000000e+00 3.367097984985998466e-02
0.000000000000000000e+00 3.268441553099933616e-02
0.000000000000000000e+00 2.966276036473767738e-02
0.000000000000000000e+00 3.283963875939126947e-02
0.000000000000000000e+00 3.372412220102820324e-02
0.000000000000000000e+00 4.242011351446198925e-02
0.000000000000000000e+00 4.847350038746222473e-02
0.000000000000000000e+00 4.942245664394815524e-02
0.000000000000000000e+00 4.976550723367360179e-02
0.000000000000000000e+00 5.865769273596173339e-02
0.000000000000000000e+00 4.506816472520115691e-02
0.000000000000000000e+00 4.596134017171161351e-02
0.000000000000000000e+00 2.446626035359469875e-02
0.000000000000000000e+00 3.240860000950755715e-02
0.000000000000000000e+00 2.970091319275375980e-02
0.000000000000000000e+00 3.161580846681687901e-02
0.000000000000000000e+00 2.457912838398503344e-02
0.000000000000000000e+00 3.134869348219503082e-02
0.000000000000000000e+00 1.279782084542481664e-02
0.000000000000000000e+00 1.647645427403940030e-02
0.000000000000000000e+00 1.292542313975286739e-02
0.000000000000000000e+00 1.241986992081342035e-02
0.000000000000000000e+00 8.800300841047933170e-03
0.000000000000000000e+00 6.682228636937808178e-03
0.000000000000000000e+00 9.574701609481137132e-03
0.000000000000000000e+00 9.584020265289384596e-03
0.000000000000000000e+00 1.221975771213561213e-02
0.000000000000000000e+00 1.496196753465977788e-02
0.000000000000000000e+00 1.067380480581544763e-02
0.000000000000000000e+00 8.821843356385672061e-03
0.000000000000000000e+00 1.540211148964973527e-02
0.000000000000000000e+00 1.269041946263329591e-02
0.000000000000000000e+00 9.960076471439212320e-03
0.000000000000000000e+00 9.488489857862223223e-03
0.000000000000000000e+00 7.811039130642456578e-03
0.000000000000000000e+00 1.130601937211542576e-02
0.000000000000000000e+00 9.828754853318123069e-03
0.000000000000000000e+00 1.101132542566837097e-02
0.000000000000000000e+00 1.231908292345874900e-02
0.000000000000000000e+00 9.056774384680636378e-03
0.000000000000000000e+00 7.565229117047250935e-03
0.000000000000000000e+00 1.548497706686335039e-02
0.000000000000000000e+00 2.153210652745637596e-02
0.000000000000000000e+00 2.322251420479912176e-02
0.000000000000000000e+00 2.182666504149517045e-02
0.000000000000000000e+00 3.257996451762536216e-02
0.000000000000000000e+00 1.161246132538636296e-02
0.000000000000000000e+00 2.273260320324269751e-02
0.000000000000000000e+00 2.978328515220627498e-02
0.000000000000000000e+00 3.276627174014738048e-02
0.000000000000000000e+00 2.631326690684911845e-02
0.000000000000000000e+00 2.904458776987420970e-02
0.000000000000000000e+00 1.270866444871661567e-02
0.000000000000000000e+00 4.097976983487535904e-03
0.000000000000000000e+00 1.594038913595209953e-02
0.000000000000000000e+00 1.595062829525661224e-02
0.000000000000000000e+00 6.786610220118127930e-03
0.000000000000000000e+00 8.687826740387651417e-03
0.000000000000000000e+00 7.594647583326408387e-03
