1.000000000000000000e+02 3.536544444444443547e-02
1.110000000000000000e+02 3.167733333333333512e-02
1.220000000000000000e+02 2.921899999999999498e-02
1.340000000000000000e+02 2.712077777777777837e-02
1.470000000000000000e+02 2.534999999999999754e-02
1.620000000000000000e+02 2.168844444444444422e-02
1.780000000000000000e+02 1.819511111111111329e-02
1.950000000000000000e+02 1.573499999999999899e-02
2.150000000000000000e+02 1.253544444444444454e-02
2.360000000000000000e+02 1.011511111111111118e-02
2.600000000000000000e+02 8.047555555555554324e-03
2.860000000000000000e+02 6.987111111111110606e-03
3.140000000000000000e+02 5.814444444444444998e-03
3.460000000000000000e+02 4.636555555555556089e-03
3.800000000000000000e+02 4.260555555555555624e-03
4.180000000000000000e+02 4.595666666666667170e-03
4.600000000000000000e+02 5.181555555555555567e-03
5.060000000000000000e+02 5.736222222222222417e-03
5.560000000000000000e+02 5.880777777777778173e-03
6.120000000000000000e+02 8.169222222222221816e-03
6.730000000000000000e+02 1.008255555555555467e-02
7.410000000000000000e+02 1.078822222222222162e-02
8.150000000000000000e+02 1.389011111111111176e-02
8.960000000000000000e+02 1.438988888888888783e-02
9.850000000000000000e+02 1.766344444444444342e-02
1.084000000000000000e+03 1.976355555555555851e-02
1.192000000000000000e+03 2.130299999999999902e-02
1.311000000000000000e+03 2.493311111111111075e-02
1.443000000000000000e+03 2.770933333333333234e-02
1.587000000000000000e+03 2.904711111111111035e-02
1.745000000000000000e+03 3.139911111111110681e-02
1.920000000000000000e+03 3.844055555555556114e-02
2.112000000000000000e+03 4.184533333333333854e-02
2.323000000000000000e+03 4.686722222222221984e-02
2.555000000000000000e+03 5.260688888888889053e-02
2.811000000000000000e+03 6.136199999999999294e-02
3.092000000000000000e+03 6.450733333333334707e-02
3.401000000000000000e+03 7.031955555555555182e-02
3.741000000000000000e+03 7.597166666666667345e-02
4.115000000000000000e+03 8.412277777777776855e-02
4.526000000000000000e+03 9.306311111111112422e-02
4.979000000000000000e+03 9.780966666666665588e-02
5.477000000000000000e+03 1.019063333333333488e-01
6.025000000000000000e+03 1.128243333333333459e-01
6.627000000000000000e+03 1.186864444444444555e-01
7.290000000000000000e+03 1.257747777777777909e-01
8.018000000000000000e+03 1.373944444444444579e-01
8.820000000000000000e+03 1.484074444444444252e-01
9.702000000000000000e+03 1.576808888888888704e-01
1.067200000000000000e+04 1.713217777777777950e-01
1.174000000000000000e+04 1.829347777777777795e-01
1.291300000000000000e+04 1.968991111111111358e-01
1.420500000000000000e+04 2.144365555555555469e-01
1.562500000000000000e+04 2.322038888888888764e-01
1.718800000000000000e+04 2.481267777777778072e-01
1.890600000000000000e+04 2.543746666666666933e-01
2.079700000000000000e+04 2.771027777777777534e-01
2.287700000000000000e+04 3.018804444444443957e-01
2.516400000000000000e+04 3.182897777777777826e-01
2.768100000000000000e+04 3.342628888888888317e-01
3.044900000000000000e+04 3.480808888888888841e-01
3.349300000000000000e+04 3.735351111111111511e-01
3.684300000000000000e+04 3.870427777777777911e-01
4.052700000000000000e+04 4.057235555555555595e-01
4.458000000000000000e+04 4.274778888888888795e-01
4.903800000000000000e+04 4.495857777777778064e-01
5.394100000000000000e+04 4.581423333333332626e-01
5.933500000000000000e+04 4.746542222222221996e-01
6.526900000000000000e+04 4.779176666666667406e-01
7.179600000000000000e+04 5.021477777777777485e-01
7.897500000000000000e+04 5.190635555555556113e-01
8.687300000000000000e+04 5.314946666666666708e-01
9.556000000000000000e+04 5.444460000000000965e-01
1.051160000000000000e+05 5.521732222222222042e-01
1.156270000000000000e+05 5.669632222222221740e-01
1.271900000000000000e+05 5.791867777777777171e-01
1.399090000000000000e+05 5.848346666666667248e-01
1.539000000000000000e+05 5.875341111111112014e-01
1.692900000000000000e+05 6.052074444444444090e-01
1.862190000000000000e+05 6.075086666666665858e-01
2.048410000000000000e+05 6.167374444444443382e-01
2.253250000000000000e+05 6.218117777777777411e-01
2.478570000000000000e+05 6.289676666666665916e-01
2.726430000000000000e+05 6.364722222222222170e-01
2.999070000000000000e+05 6.466274444444444214e-01
3.298970000000000000e+05 6.524305555555556246e-01
3.628870000000000000e+05 6.558852222222222306e-01
3.991760000000000000e+05 6.668959999999999333e-01
4.390930000000000000e+05 6.759748888888886809e-01
4.830030000000000000e+05 6.824431111111111115e-01
5.313030000000000000e+05 6.922086666666666943e-01
5.844330000000000000e+05 7.020463333333333278e-01
6.428760000000000000e+05 7.093884444444443771e-01
7.071640000000000000e+05 7.252257777777777470e-01
7.778800000000000000e+05 7.320625555555556607e-01
8.556680000000000000e+05 7.363306666666666889e-01
9.412350000000000000e+05 7.475801111111111119e-01
1.035358000000000000e+06 7.475413333333332799e-01
1.138894000000000000e+06 7.648462222222222051e-01
1.252783000000000000e+06 7.758242222222222484e-01
1.378062000000000000e+06 7.761553333333333082e-01
1.515868000000000000e+06 7.797641111111111023e-01
1.667455000000000000e+06 7.889658888888889665e-01
1.834200000000000000e+06 7.883988888888888713e-01
2.017620000000000000e+06 7.881080000000000307e-01
2.219382000000000000e+06 7.908272222222221259e-01
2.441320000000000000e+06 7.964087777777777433e-01
2.685452000000000000e+06 8.085149999999999837e-01
2.953997000000000000e+06 8.124228888888889166e-01
3.249397000000000000e+06 8.051122222222221181e-01
3.574336000000000000e+06 8.082522222222221497e-01
3.931770000000000000e+06 8.100385555555554840e-01
4.324947000000000000e+06 8.154293333333333393e-01
4.757442000000000000e+06 8.129558888888888113e-01
5.233186000000000000e+06 8.101508888888888649e-01
5.756504000000000000e+06 8.131390000000000562e-01
6.332155000000000000e+06 8.155593333333333028e-01
6.965370000000000000e+06 8.186072222222222639e-01
7.661907000000000000e+06 8.113386666666666525e-01
8.428098000000000000e+06 8.176386666666667358e-01
9.270907000000000000e+06 8.092709999999999626e-01
1.019799800000000000e+07 8.123219999999999885e-01
1.121779800000000000e+07 8.175902222222223292e-01
1.233957800000000000e+07 8.083765555555556537e-01
1.357353500000000000e+07 8.136673333333335201e-01
1.493088900000000000e+07 8.149915555555554691e-01
1.642397800000000000e+07 8.170008888888888876e-01
1.806637500000000000e+07 8.127438888888888213e-01
1.987301300000000000e+07 8.190395555555555207e-01
2.186031400000000000e+07 8.174908888888889891e-01
2.404634500000000000e+07 8.182283333333333353e-01
2.645098000000000000e+07 8.136632222222222044e-01
2.909607800000000000e+07 8.180761111111112260e-01
3.200568500000000000e+07 8.155356666666666587e-01
3.520625400000000000e+07 8.116724444444445297e-01
3.872687900000000000e+07 8.221804444444443805e-01
4.259956700000000000e+07 8.203488888888889052e-01
4.685952400000000000e+07 8.290534444444443984e-01
5.154547600000000000e+07 8.177947777777778704e-01
5.670002400000000000e+07 8.231825555555555285e-01
6.237002600000000000e+07 8.157093333333332863e-01
6.860702900000000000e+07 8.164756666666665996e-01
7.546773100000000000e+07 8.180951111111111063e-01
8.301450500000000000e+07 8.219241111111110776e-01
9.131595500000000000e+07 8.162935555555556055e-01
1.004475500000000000e+08 8.217039999999999900e-01
1.104923050000000000e+08 8.210452222222222041e-01
1.215415360000000000e+08 8.209145555555555918e-01
1.336956890000000000e+08 8.230944444444445729e-01
1.470652580000000000e+08 8.197644444444445178e-01
1.617717840000000000e+08 8.267174444444443937e-01
1.779489620000000000e+08 8.212533333333333907e-01
1.957438590000000000e+08 8.227064444444445179e-01
2.153182440000000000e+08 8.223353333333334181e-01
2.368500690000000000e+08 8.200040000000000662e-01
2.605350760000000000e+08 8.266866666666666807e-01
2.865885830000000000e+08 8.234665555555555905e-01
3.152474410000000000e+08 8.274295555555553072e-01
3.467721860000000000e+08 8.269748888888890370e-01
3.814494040000000000e+08 8.255139999999999700e-01
4.195943440000000000e+08 8.276093333333334190e-01
4.615537790000000000e+08 8.272007777777778958e-01
5.077091570000000000e+08 8.281788888888887978e-01
5.584800720000000000e+08 8.245106666666668360e-01
6.143280790000000000e+08 8.266972222222221944e-01
6.757608870000000000e+08 8.297368888888889682e-01
7.433369760000000000e+08 8.262785555555555161e-01
8.176706740000000000e+08 8.237957777777777935e-01
8.994377410000000000e+08 8.256787777777777615e-01
9.893815150000000000e+08 8.272571111111111097e-01
